2.082793779448442219e+05
1.989527504857004678e+05
1.897956338660093024e+05
1.808237450054156361e+05
1.720335919575326552e+05
1.634404298955815320e+05
1.550574347565247153e+05
1.468911509154328087e+05
1.389783722710920556e+05
1.313356744916187599e+05
1.239906453060904896e+05
1.169600978317182453e+05
1.102589818689445965e+05
1.038673404032873368e+05
9.779015172413857363e+04
9.205376676833507372e+04
8.667204599142399093e+04
8.167111460392072331e+04
7.703363641374850704e+04
7.272048998618489713e+04
6.870638373044831678e+04
6.497499346042836260e+04
6.150690743736299919e+04
5.829156170852137438e+04
5.530784661128920561e+04
5.253494452029868989e+04
4.996310342824814870e+04
4.757062472827066813e+04
4.535012651511793956e+04
4.328651440491716494e+04
4.135584378850708163e+04
3.954681985078237631e+04
3.785456153897220065e+04
3.627243811983153864e+04
3.478807964202122821e+04
3.339703771295987099e+04
3.209384350399856703e+04
3.086771575043259509e+04
2.971134840065249955e+04
2.861891568363203987e+04
2.758952044332581136e+04
2.662090399114429965e+04
2.570971106848124327e+04
2.485352957878965753e+04
2.404650417530410778e+04
2.328501350995504981e+04
2.256583442131815173e+04
2.188512004675128628e+04
2.123775495792704533e+04
2.062109563012069702e+04
2.003307245924616655e+04
1.947352669720806807e+04
1.894249883212861823e+04
1.843803689165059404e+04
1.795858059461949597e+04
1.750363158078360357e+04
1.707131361840114550e+04
1.665788232135415092e+04
1.626167306926164019e+04
1.588273263921537364e+04
1.552190255127602177e+04
1.517797274917757204e+04
1.484947726026888813e+04
1.453472155440746610e+04
1.423194758077131519e+04
1.394030670800604457e+04
1.366003331785577211e+04
1.339099919409613540e+04
1.313234816055004376e+04
1.288360416138437904e+04
1.264395928696987721e+04
1.241300365222493565e+04
1.219046514444936292e+04
1.197618555160382675e+04
1.176927984023728095e+04
1.156922595949909737e+04
1.137568217818069024e+04
1.118859855523731858e+04
1.100781448834793810e+04
1.083293385130456954e+04
1.066372438739561767e+04
1.050011319327288584e+04
1.034174301064122483e+04
1.018834299705836565e+04
1.003980040577213549e+04
9.895872771181999269e+03
9.756106433030578046e+03
9.620097209659055807e+03
9.487664762396896549e+03
9.358726452883651291e+03
9.233100739456900556e+03
9.110518525209936342e+03
8.990930563410000104e+03
8.874538295042602840e+03
8.761494729459511291e+03
8.651714809597588101e+03
8.544996944230824738e+03
8.441154119986989826e+03
8.339919068269060517e+03
8.241169904748474437e+03
8.144828873192635001e+03
8.050839761665196420e+03
7.958937114094333992e+03
7.869019847128727633e+03
7.781135209844407655e+03
7.695361681867554580e+03
7.611694666727093136e+03
7.530034202717804874e+03
7.450234614301713009e+03
7.372225025834934968e+03
7.295961544924359259e+03
7.221369247914256448e+03
7.148365348238957267e+03
7.076934181546364925e+03
7.007073836746029883e+03
6.938812534037364458e+03
6.872217709032235689e+03
6.807392692337314656e+03
6.744289573511960953e+03
6.682779705740896134e+03
6.622751520642497780e+03
6.564120010676539096e+03
6.506765330300135247e+03
6.450589811238862239e+03
6.395494908931252212e+03
6.341368716917630081e+03
6.288194638364092498e+03
6.235986936155443800e+03
6.184765062061480421e+03
6.134552413802142837e+03
6.085332102391535955e+03
6.037099839214533858e+03
5.989882633181497113e+03
5.943730537731745244e+03
5.898653561213661305e+03
5.854587356888803697e+03
5.811462088442154709e+03
5.769226630087498052e+03
5.727840019603336259e+03
5.687296220553636886e+03
5.647574238717972548e+03
5.608618782281519998e+03
5.570409470235921617e+03
5.532930606321069718e+03
5.496147875446444232e+03
5.460059645717286003e+03
5.424684975908587148e+03
5.390003248801550399e+03
5.355977824940173377e+03
5.322597452137971231e+03
5.289831043453744314e+03
5.257625974031823716e+03
5.225973195308156392e+03
5.194866968906784678e+03
5.164279263465737131e+03
5.134168698159484848e+03
5.104515161008207542e+03
5.075305236460084416e+03
5.046516006275961445e+03
5.018118994722723983e+03
4.990080789947389349e+03
4.962386480408871648e+03
4.935034669035520892e+03
4.908037588400774439e+03
4.881391959066625532e+03
4.855081952824891232e+03
4.829085225337490556e+03
4.803403087976241295e+03
4.778027849770881403e+03
4.752975686007287550e+03
4.728256011039296936e+03
4.703871936447552798e+03
4.679813902556030371e+03
4.656074386326469721e+03
4.632645878168790659e+03
4.609523347482758254e+03
4.586720334504278071e+03
4.564229324056197584e+03
4.542058548368865559e+03
4.520199213468587914e+03
4.498620823429878328e+03
4.477313833012188297e+03
4.456276688012108025e+03
4.435514850005512926e+03
4.415016052353722444e+03
4.394768185512332821e+03
4.374775965967176489e+03
4.355038727865548026e+03
4.335559813792528075e+03
4.316335276098605391e+03
4.297366092345814650e+03
4.278642029540113981e+03
4.260149127875704835e+03
4.241883889597983398e+03
4.223844154376871302e+03
4.206014867881907776e+03
4.188387704351662251e+03
4.170954039929489227e+03
4.153712726058529370e+03
4.136666042650748750e+03
4.119811459328035198e+03
4.103134254152314497e+03
4.086625846520185405e+03
4.070282368382792356e+03
4.054106130869745812e+03
4.038094101316348315e+03
4.022242790953863278e+03
4.006549096770533652e+03
3.991016221207401031e+03
3.975652060104061547e+03
3.960455760855927110e+03
3.945424340382283390e+03
3.930559346674300741e+03
3.915854279859438975e+03
3.901304327551833921e+03
3.886906639343188999e+03
3.872657465285704347e+03
3.858550024334884711e+03
3.844577680408234755e+03
3.830737412776128622e+03
3.817024246674494407e+03
3.803436725206803658e+03
3.789978971480453765e+03
3.776653452475000449e+03
3.763461383288197794e+03
3.750398018375416541e+03
3.737461279368918440e+03
3.724643990891252997e+03
3.711938836367291970e+03
3.699342748588403083e+03
3.686854123004875419e+03
3.674476039831647540e+03
3.662206314195181221e+03
3.650039632827767491e+03
3.637971594188207291e+03
3.626001360332582408e+03
3.614131676696976683e+03
3.602364879338580977e+03
3.590705773972039879e+03
3.579154680180604373e+03
3.567707632615706189e+03
3.556357282732069507e+03
3.545101206144494881e+03
3.533936981092654150e+03
3.522859625460398547e+03
3.511870805122699494e+03
3.500975688438682482e+03
3.490171921002670842e+03
3.479452875297706669e+03
3.468816877704491162e+03
3.458262247115611899e+03
3.447789876723551970e+03
3.437400800015763707e+03
3.427096224246720794e+03
3.416878505383929223e+03
3.406749217732688976e+03
3.396710998326812387e+03
3.386761117465559437e+03
3.376895521260164514e+03
3.367118276193944894e+03
3.357433276048312564e+03
3.347836568634105788e+03
3.338326478580683215e+03
3.328905453522904281e+03
3.319575662681409540e+03
3.310340123007144939e+03
3.301198891464062854e+03
3.292149576389573213e+03
3.283187187595752675e+03
3.274305473380336934e+03
3.265501022128178647e+03
3.256774818745879202e+03
3.248131427831495785e+03
3.239572370734773813e+03
3.231094582239604733e+03
3.222697351913226157e+03
3.214377437501605073e+03
3.206132604959492710e+03
3.197960675364157851e+03
3.189861291459213135e+03
3.181832959762026803e+03
3.173873748456814155e+03
3.165982409774799635e+03
3.158155111211523945e+03
3.150388272304190650e+03
3.142682452981406186e+03
3.135039207712324242e+03
3.127459288059689243e+03
3.119945818908449837e+03
3.112497809357475944e+03
3.105109945048366171e+03
3.097781798245103801e+03
3.090513099746308853e+03
3.083303082193906903e+03
3.076148765024521254e+03
3.069046407741717303e+03
3.061994658837112183e+03
3.054993362199118110e+03
3.048039952160449502e+03
3.041132514733175412e+03
3.034272292360306892e+03
3.027459024424388190e+03
3.020691899030690365e+03
3.013969376669914254e+03
3.007291449764707068e+03
3.000658568584972727e+03
2.994070855782932540e+03
2.987529149843076539e+03
2.981034585178076213e+03
2.974586599949229822e+03
2.968183794261793992e+03
2.961824803084472023e+03
2.955509310576170719e+03
2.949236750965878400e+03
2.943005878312736058e+03
2.936815645658730773e+03
2.930664913009072279e+03
2.924556842923644581e+03
2.918493286036630252e+03
2.912471319988176674e+03
2.906489112739323900e+03
2.900544117471672052e+03
2.894636049291984818e+03
2.888765044844074509e+03
2.882931527001586346e+03
2.877136875846686053e+03
2.871382884307864515e+03
2.865667881799282895e+03
2.859989959625156644e+03
2.854347797233011534e+03
2.848740860893959052e+03
2.843168494224205915e+03
2.837631033413348177e+03
2.832127364627801398e+03
2.826656706280150047e+03
2.821219267332744039e+03
2.815815672573550728e+03
2.810449160242523249e+03
2.805120657098597803e+03
2.799830983144770016e+03
2.794580004242923224e+03
2.789367652838393042e+03
2.784193074975148193e+03
2.779055496976682207e+03
2.773954594127255405e+03
2.768889690369437176e+03
2.763860077096361238e+03
2.758864811083134555e+03
2.753902232704009293e+03
2.748971779417471680e+03
2.744073179634111966e+03
2.739205254231228992e+03
2.734368890568372080e+03
2.729564238026791827e+03
2.724789907206008593e+03
2.720043315510545199e+03
2.715323551478014906e+03
2.710630672432040228e+03
2.705964790162188365e+03
2.701326398002330734e+03
2.696715840605977974e+03
2.692133573794089898e+03
2.687579171274884175e+03
2.683051589465719644e+03
2.678550527224366306e+03
2.674076012201365756e+03
2.669627738705572483e+03
2.665205190547771053e+03
2.660807679273011217e+03
2.656433227475102740e+03
2.652080935323583162e+03
2.647750217592388253e+03
2.643441959152487925e+03
2.639157135979881332e+03
2.634895990458234337e+03
2.630658591824457289e+03
2.626445297750538884e+03
2.622255761720235569e+03
2.618090343948289046e+03
2.613949670897840406e+03
2.609833901597516160e+03
2.605742771432403970e+03
2.601676540500098781e+03
2.597635013073268965e+03
2.593618008265756089e+03
2.589627010151070863e+03
2.585662471158394510e+03
2.581723870973813973e+03
2.577811079212132881e+03
2.573924150287582506e+03
2.570062726826801281e+03
2.566226566393229405e+03
2.562415199836309966e+03
2.558627844389710845e+03
2.554863756202334116e+03
2.551122592568643540e+03
2.547404098542020165e+03
2.543707693901780658e+03
2.540033644449388248e+03
2.536381575029326541e+03
2.532751313446300173e+03
2.529143508281398226e+03
2.525558110392171784e+03
2.521994393696056704e+03
2.518451508145505159e+03
2.514928892575129794e+03
2.511425707811144548e+03
2.507941841319361629e+03
2.504477103206908851e+03
2.501031364271677830e+03
2.497604400847503257e+03
2.494195518032106975e+03
2.490804734077909416e+03
2.487432236647958689e+03
2.484077865956489859e+03
2.480741442297377489e+03
2.477423596968432321e+03
2.474124300492481780e+03
2.470843351213912683e+03
2.467580193680008051e+03
2.464334653950745178e+03
2.461106323978139244e+03
2.457894707895834017e+03
2.454700887814522048e+03
2.451524739011476413e+03
2.448365807143693473e+03
2.445223327852367220e+03
2.442097098226885464e+03
2.438987240805752663e+03
2.435894258771394561e+03
2.432817855365395644e+03
2.429757481674678274e+03
2.426713009242761927e+03
2.423684331003221359e+03
2.420671244217462117e+03
2.417673274784893692e+03
2.414690110873602862e+03
2.411721543802046199e+03
2.408767399581274276e+03
2.405827954031286481e+03
2.402903066964860045e+03
2.399992566113818157e+03
2.397095879863703431e+03
2.394212514710753112e+03
2.391342639788104862e+03
2.388486211367370288e+03
2.385643356616029905e+03
2.382814010964639237e+03
2.379997787943840194e+03
2.377194288438811782e+03
2.374403308803891832e+03
2.371624970732951624e+03
2.368860059430116053e+03
2.366108445050659611e+03
2.363370057961621569e+03
2.360644694035234352e+03
2.357931966122209360e+03
2.355231644586748189e+03
2.352543657289025305e+03
2.349867991196672847e+03
2.347204911420894859e+03
2.344554426063958999e+03
2.341916010550693500e+03
2.339289360809991649e+03
2.336675178527630123e+03
2.334072999256774892e+03
2.331482530045591375e+03
2.328903195479700116e+03
2.326334510222347035e+03
2.323776320713281166e+03
2.321228575127136537e+03
2.318691221902312009e+03
2.316164209739605667e+03
2.313647486510868021e+03
2.311140900430865713e+03
2.308644235940079852e+03
2.306157490900698576e+03
2.303680277944798490e+03
2.301211923552999451e+03
2.298752422752724215e+03
2.296301698742779990e+03
2.293859650126074939e+03
2.291426506226424408e+03
2.289002343554453091e+03
2.286587210281777061e+03
2.284181083839621806e+03
2.281783905941853391e+03
2.279395772509044946e+03
2.277016348614905837e+03
2.274645418805320332e+03
2.272282818367489654e+03
2.269928511044730840e+03
2.267582460744129094e+03
2.265244663248972756e+03
2.262915320259601231e+03
2.260594481606266982e+03
2.258282100438197631e+03
2.255978098421877348e+03
2.253682464742428692e+03
2.251395360433111819e+03
2.249116600947325423e+03
2.246845635730382583e+03
2.244582319861685392e+03
2.242326515966001807e+03
2.240078188956142185e+03
2.237837310009443627e+03
2.235603835909941608e+03
2.233377731486784342e+03
2.231158925731837826e+03
2.228947044135256419e+03
2.226742044371068914e+03
2.224544056828106932e+03
2.222353047115306254e+03
2.220168886573801956e+03
2.217991282471324212e+03
2.215820027097754064e+03
2.213654951344163237e+03
2.211496030823253477e+03
2.209343151835070330e+03
2.207196210860982319e+03
2.205055080333588194e+03
2.202919529067607073e+03
2.200789537889616895e+03
2.198665087696672344e+03
2.196546215769008995e+03
2.194433156047974080e+03
2.192325888582069183e+03
2.190224508689327649e+03
2.188129112563328363e+03
2.186039578453051490e+03
2.183955844832623825e+03
2.181877867944641366e+03
2.179805616152715174e+03
2.177739068130864325e+03
2.175678202708806111e+03
2.173623044441957518e+03
2.171573663140104145e+03
2.169529997598617229e+03
2.167491960831980123e+03
2.165459521489047802e+03
2.163432708748492132e+03
2.161411736517608915e+03
2.159396492163679795e+03
2.157386481162066502e+03
2.155381583293913081e+03
2.153381779913868741e+03
2.151387023879143726e+03
2.149397209825675873e+03
2.147412288830201760e+03
2.145432230075758071e+03
2.143456829055025992e+03
2.141485895736458133e+03
2.139519516778685102e+03
2.137558022863058341e+03
2.135601414216349440e+03
2.133649717171563680e+03
2.131702871176113149e+03
2.129760799126848269e+03
2.127823550149491894e+03
2.125891436357603652e+03
2.123964501634832232e+03
2.122042729100085580e+03
2.120126092046804843e+03
2.118214393396198375e+03
2.116307564526010992e+03
2.114405586480298552e+03
2.112508425821290075e+03
2.110616136708962131e+03
2.108728714444588149e+03
2.106846152059786618e+03
2.104968522494911667e+03
2.103096092967292861e+03
2.101229348693723296e+03
2.099368268662813534e+03
2.097512862634564499e+03
2.095663285144586098e+03
2.093819711074582301e+03
2.091982292825521199e+03
2.090151048282260945e+03
2.088325824580611879e+03
2.086506680745404992e+03
2.084693578405357584e+03
2.082886475467821583e+03
2.081085314916679636e+03
2.079290036368071469e+03
2.077500570631632399e+03
2.075716982901355095e+03
2.073939371542055596e+03
2.072167671896499087e+03
2.070401856681358822e+03
2.068641898745682283e+03
2.066887762082474183e+03
2.065139376596697730e+03
2.063396708495929033e+03
2.061659731638908852e+03
2.059928420010056016e+03
2.058202719515692024e+03
2.056482474522917528e+03
2.054767678960087324e+03
2.053058294167905387e+03
2.051354142097849035e+03
2.049655186701890216e+03
2.047961404615617766e+03
2.046272772616885504e+03
2.044589347467361222e+03
2.042911333619920470e+03
2.041238702154062821e+03
2.039571285120342736e+03
2.037908923415810250e+03
2.036251526930085902e+03
2.034599407484270614e+03
2.032953213497400611e+03
2.031313002193553530e+03
2.029678729822084506e+03
2.028050227804930046e+03
2.026427337308864708e+03
2.024810026622492160e+03
2.023198268800551659e+03
2.021591993968552970e+03
2.019991058404788419e+03
2.018395519414335922e+03
2.016805618224424052e+03
2.015221219780945830e+03
2.013641999262908257e+03
2.012067918356111932e+03
2.010499069938037110e+03
2.008935412405052148e+03
2.007376355589692821e+03
2.005821854185294342e+03
2.004271923571804791e+03
2.002726375578610714e+03
2.001184995507931490e+03
1.999647800942743061e+03
1.998114777676358472e+03
1.996585908847837572e+03
1.995061189403581466e+03
1.993540694458372855e+03
1.992024463843876674e+03
1.990512488067042568e+03
1.989004791716761474e+03
1.987501365273199553e+03
1.986002221217085207e+03
1.984507457454491941e+03
1.983017064336691192e+03
1.981531018756526237e+03
1.980049354464355702e+03
1.978572160769175525e+03
1.977099399422038914e+03
1.975631049038823676e+03
1.974167090341234598e+03
1.972707504141245636e+03
1.971252271340666994e+03
1.969801372930706293e+03
1.968354789991544976e+03
1.966912503691904931e+03
1.965474495288623984e+03
1.964040746126227305e+03
1.962611237636509031e+03
1.961185951338109817e+03
1.959764868836097094e+03
1.958347971821551937e+03
1.956935236607456090e+03
1.955526614598015158e+03
1.954122079668521110e+03
1.952721572042382604e+03
1.951324998014134508e+03
1.949932311607737347e+03
1.948543496941505509e+03
1.947158538203147600e+03
1.945777423176210277e+03
1.944400159663644899e+03
1.943026743758495059e+03
1.941657195053929854e+03
1.940291511033230336e+03
1.938929755855179565e+03
1.937572066472021788e+03
1.936218425074879178e+03
1.934868813924443202e+03
1.933523165485311210e+03
1.932181309206433070e+03
1.930843015194627469e+03
1.929508080606469548e+03
1.928176403168685511e+03
1.926847970568938536e+03
1.925522768852471927e+03
1.924200815537911012e+03
1.922882238722131206e+03
1.921567089625794324e+03
1.920255369161132421e+03
1.918947064118084882e+03
1.917642174297461679e+03
1.916340861746522933e+03
1.915043226704153085e+03
1.913749253475936484e+03
1.912458926440961477e+03
1.911172230187278956e+03
1.909889129327516002e+03
1.908609343664723383e+03
1.907332661183904293e+03
1.906059032811474026e+03
1.904788312595636171e+03
1.903520465998452664e+03
1.902255328886749567e+03
1.900992811011297363e+03
1.899732903607401568e+03
1.898475602644831724e+03
1.897220854756167455e+03
1.895968579960893976e+03
1.894718639549987074e+03
1.893471025258576674e+03
1.892225709226401705e+03
1.890982627563726965e+03
1.889741779515914914e+03
1.888503236749372718e+03
1.887267004831963050e+03
1.886033097135798243e+03
1.884801689871383587e+03
1.883572829908243875e+03
1.882346564454016288e+03
1.881122895929130436e+03
1.879901793550473485e+03
1.878683161501077393e+03
1.877466982981895853e+03
1.876253250191062534e+03
1.875042006143793742e+03
1.873833528118999538e+03
1.872627892913413689e+03
1.871425089525331941e+03
1.870225107001580454e+03
1.869027934437282056e+03
1.867833560975624550e+03
1.866641975807632662e+03
1.865453169536984660e+03
1.864267123687382536e+03
1.863083766975828667e+03
1.861903088335387110e+03
1.860725071612908323e+03
1.859549824805280878e+03
1.858377493528676496e+03
1.857208066040984477e+03
1.856041530654669486e+03
1.854877875736489159e+03
1.853717089707218975e+03
1.852559161041382140e+03
1.851404078266970828e+03
1.850251842773202497e+03
1.849102495725067683e+03
1.847956105829913213e+03
1.846812711926552765e+03
1.845672379512616999e+03
1.844535076785737147e+03
1.843400789709728542e+03
1.842269504326573724e+03
1.841141206755934718e+03
1.840015883194681919e+03
1.838893519916412970e+03
1.837774103270985279e+03
1.836657619684046267e+03
1.835544054942243974e+03
1.834433445475890267e+03
1.833325945327344925e+03
1.832221539944825281e+03
1.831120214858340432e+03
1.830021955679181474e+03
1.828926748099421729e+03
1.827834577528660247e+03
1.826745390368486369e+03
1.825659102361314353e+03
1.824575699783896653e+03
1.823495168992935533e+03
1.822417496424579895e+03
1.821342659367795022e+03
1.820270583191610967e+03
1.819201236500655114e+03
1.818134607044786435e+03
1.817070659406407458e+03
1.816009267839363247e+03
1.814950400959182161e+03
1.813894043525572442e+03
1.812840174368529688e+03
1.811788766944777535e+03
1.810739686441772392e+03
1.809692876683054919e+03
1.808648329407290476e+03
1.807606036390361623e+03
1.806565989445183504e+03
1.805528180421513071e+03
1.804492601205765141e+03
1.803459243720824361e+03
1.802428081886362634e+03
1.801399017499585852e+03
1.800372098243536811e+03
1.799347343120687356e+03
1.798324741241068978e+03
1.797304284316218173e+03
1.796285962951118563e+03
1.795269758082278940e+03
1.794255656344696490e+03
1.793243687702506350e+03
1.792234027259230970e+03
1.791226696786562343e+03
1.790221686386580359e+03
1.789218986212318214e+03
1.788218586467477962e+03
1.787220477406152895e+03
1.786224708255491578e+03
1.785231448838657798e+03
1.784240662185624160e+03
1.783252328531370949e+03
1.782266437259182794e+03
1.781282977806964254e+03
1.780301939666939234e+03
1.779323312385346526e+03
1.778347085562143548e+03
1.777373248850706887e+03
1.776401791957536943e+03
1.775432704641963937e+03
1.774465976715855049e+03
1.773501598043322019e+03
1.772539571266086341e+03
1.771579933810781540e+03
1.770622658811528936e+03
1.769667724266960477e+03
1.768715128417127062e+03
1.767764910860014425e+03
1.766817074193415692e+03
1.765871607465015813e+03
1.764928484766380279e+03
1.763987691360645840e+03
1.763049263396313563e+03
1.762113108479968332e+03
1.761179147971470229e+03
1.760247157362631697e+03
1.759317074407214250e+03
1.758388891857301360e+03
1.757462602497269472e+03
1.756538199143638622e+03
1.755615674644914634e+03
1.754695024960459250e+03
1.753776343638879325e+03
1.752859728334941792e+03
1.751945156383970470e+03
1.751032565114568570e+03
1.750121956128430611e+03
1.749213490120919005e+03
1.748307164789970102e+03
1.747402971113430567e+03
1.746500900407929748e+03
1.745600949186396747e+03
1.744703113031316889e+03
1.743807383065653767e+03
1.742913749880448677e+03
1.742022188522563738e+03
1.741132673119594756e+03
1.740245195105740322e+03
1.739359745703492308e+03
1.738476313183538423e+03
1.737594855149883642e+03
1.736715221792504281e+03
1.735837359626981879e+03
1.734961262103327726e+03
1.734086922698965736e+03
1.733214334918606937e+03
1.732343492294130783e+03
1.731474388384462372e+03
1.730607016775455122e+03
1.729741371079768896e+03
1.728877444936754046e+03
1.728015231811978992e+03
1.727154722715019034e+03
1.726295945594607929e+03
1.725438931690162917e+03
1.724583721428489071e+03
1.723730526628688722e+03
1.722879384135773535e+03
1.722030274277019316e+03
1.721183195584641453e+03
1.720338133952524686e+03
1.719495030434783757e+03
1.718653850463133722e+03
1.717814583641262743e+03
1.716977222112896470e+03
1.716141758056203798e+03
1.715308182695801406e+03
1.714476477265091489e+03
1.713646627934565231e+03
1.712818627024060106e+03
1.711992466887224509e+03
1.711168139911367689e+03
1.710345638517307862e+03
1.709524955159221918e+03
1.708706082324495355e+03
1.707889012533573805e+03
1.707073738339815463e+03
1.706260245205251749e+03
1.705448491490601100e+03
1.704638464255476720e+03
1.703830139172190002e+03
1.703023398954664344e+03
1.702218205543106706e+03
1.701414553288432444e+03
1.700612436563624897e+03
1.699811842183905810e+03
1.699012733897089902e+03
1.698215034187306856e+03
1.697418643030025351e+03
1.696623556276241970e+03
1.695829766251181809e+03
1.695037253561601574e+03
1.694246064333191725e+03
1.693456250651517166e+03
1.692667795396947213e+03
1.691880694318192582e+03
1.691094939512995779e+03
1.690310504399968750e+03
1.689527378874598753e+03
1.688745558928909304e+03
1.687965042591112478e+03
1.687185844341049233e+03
1.686407968502594031e+03
1.685631410853181933e+03
1.684856166699275263e+03
1.684082231828180056e+03
1.683309602184996265e+03
1.682538273728026752e+03
1.681768243950486294e+03
1.680999604949941840e+03
1.680232464934184691e+03
1.679466775982214358e+03
1.678702537182019114e+03
1.677939769183051112e+03
1.677178473809633715e+03
1.676418645679626252e+03
1.675660279431505387e+03
1.674903369724285994e+03
1.674147911237440667e+03
1.673393898670820818e+03
1.672641326744575508e+03
1.671890190199077551e+03
1.671140492841312380e+03
1.670392319961809790e+03
1.669645707562380949e+03
1.668900643576092762e+03
1.668157122240720582e+03
1.667415137816394690e+03
1.666674678299188599e+03
1.665935657745625804e+03
1.665198020969451818e+03
1.664461763464581963e+03
1.663726880134927796e+03
1.662993359645050532e+03
1.662261193209102657e+03
1.661530364673464192e+03
1.660800858271839616e+03
1.660072669754768867e+03
1.659345794617502406e+03
1.658620226110683461e+03
1.657895958880435956e+03
1.657172988792608749e+03
1.656451311726578979e+03
1.655730923575211364e+03
1.655011820244808177e+03
1.654293997645069112e+03
1.653577448484734305e+03
1.652862203746087744e+03
1.652148297715214767e+03
1.651435701646904135e+03
1.650724275006835342e+03
1.650013981510658596e+03
1.649304809605640003e+03
1.648596745761851480e+03
1.647889801686178771e+03
1.647183998094948038e+03
1.646479331435292806e+03
1.645775793903703743e+03
1.645073362697255106e+03
1.644372030875917289e+03
1.643671759965878891e+03
1.642972498229431039e+03
1.642274242793079566e+03
1.641576990792298375e+03
1.640880739371504433e+03
1.640185485684027071e+03
1.639491226892078203e+03
1.638797960166722532e+03
1.638105682687851186e+03
1.637414391644150783e+03
1.636724084233074791e+03
1.636034757660816013e+03
1.635346399406558021e+03
1.634658964717390290e+03
1.633972449884338403e+03
1.633286872098054573e+03
1.632602231796269052e+03
1.631918526389475119e+03
1.631235753296084340e+03
1.630553909942401106e+03
1.629872993762596025e+03
1.629193002198682962e+03
1.628513932700491068e+03
1.627835782725641593e+03
1.627158549739521504e+03
1.626482231215259617e+03
1.625806824224045386e+03
1.625132320449936515e+03
1.624458730434182144e+03
1.623786152888876359e+03
