8.625004613530049392e+04
8.550387217285089719e+04
8.463066159714362584e+04
8.377874459099730302e+04
8.287322611013735877e+04
8.184521054683743569e+04
8.084148712842012173e+04
7.960435206431162078e+04
7.828001066654054739e+04
7.678863514383218717e+04
7.516676113751078083e+04
7.339798342759285879e+04
7.166348981997769442e+04
6.995930758297115972e+04
6.800731172980109113e+04
6.595080092791742936e+04
6.361792954195065977e+04
6.125385110051373340e+04
5.905037361843335384e+04
5.698064584469250985e+04
5.492787185923540528e+04
5.297210021026657341e+04
5.101802105613132153e+04
4.912186623393655464e+04
4.737134487663002074e+04
4.560763065591316263e+04
4.399712177769243863e+04
4.238659586974564445e+04
4.084045508294159663e+04
3.947085153390848427e+04
3.822004225964123179e+04
3.696994007674726890e+04
3.574161926416782808e+04
3.460301825570283836e+04
3.351698194931295438e+04
3.242298952201431166e+04
3.144032083150664039e+04
3.051863368803663980e+04
2.967043541750135046e+04
2.881160933668324287e+04
2.794361628707920318e+04
2.711482163748668245e+04
2.627538332018717483e+04
2.550206132054595582e+04
2.477108005503713503e+04
2.406851009023496226e+04
2.340144069260718607e+04
2.281673292331861376e+04
2.226121386332774637e+04
2.174194653109150386e+04
2.121854035922723415e+04
2.066909782412584536e+04
2.014491461723987959e+04
1.963980120527336112e+04
1.913485435234347460e+04
1.863893558500816653e+04
1.821733483158893796e+04
1.783397087952016227e+04
1.745236512213336027e+04
1.703381500133649752e+04
1.662325061715284028e+04
1.624337587041926963e+04
1.589016630148285367e+04
1.558005757935440852e+04
1.529252193446843376e+04
1.499805837608697948e+04
1.469009352209817916e+04
1.440406915443669277e+04
1.412210765626794273e+04
1.385988481956389478e+04
1.360606999228469249e+04
1.335847222968909591e+04
1.310532379449444852e+04
1.287408090640083174e+04
1.265808278402233191e+04
1.244993078754279486e+04
1.224260990368263992e+04
1.203390062885315638e+04
1.183344371737207985e+04
1.164198557267037359e+04
1.144683204037173164e+04
1.126040530787821444e+04
1.108207634069199594e+04
1.090544143245170562e+04
1.073317897244105552e+04
1.057248787025503225e+04
1.042854152396923564e+04
1.029050022559190620e+04
1.015330841603788213e+04
1.002087971939218369e+04
9.897114335976910297e+03
9.777330369108136438e+03
9.649295139542145989e+03
9.510855656662171896e+03
9.371545142311319069e+03
9.238638789762355373e+03
9.111576030625528801e+03
8.995103220906459683e+03
8.883505872440138774e+03
8.775032473528513947e+03
8.665380474175988638e+03
8.566819103609739614e+03
8.474763507054318325e+03
8.379645086621818336e+03
8.279722570503192401e+03
8.177119989354659992e+03
8.077502295284388310e+03
7.983821855553424939e+03
7.894034096476917512e+03
7.804764404457871024e+03
7.718083591252314363e+03
7.635590889159517246e+03
7.553287761301969113e+03
7.469965473253600976e+03
7.385606238361497162e+03
7.296521363588092754e+03
7.200135774129459605e+03
7.102683448501184102e+03
7.011243327517233411e+03
6.925805659469352577e+03
6.843367753447829273e+03
6.767442545479029832e+03
6.696494783496211312e+03
6.630306807249886333e+03
6.570820946666796772e+03
6.513695266496013573e+03
6.454480686519362280e+03
6.394101245418551116e+03
6.331159717649585218e+03
6.268290864013440114e+03
6.205502730185732617e+03
6.141043887074744816e+03
6.072655736273783077e+03
6.000729417487964383e+03
5.932654155761114453e+03
5.867924507014477058e+03
5.806776630267370820e+03
5.747837780082249083e+03
5.689776456229569703e+03
5.630775692386608171e+03
5.575869517193537831e+03
5.522586988872050824e+03
5.468828388455674030e+03
5.417781551620516439e+03
5.366977655138476621e+03
5.314237172609235131e+03
5.261205899591919660e+03
5.210902149451077094e+03
5.161293221773183177e+03
5.112868933075510540e+03
5.068480945522734146e+03
5.025121440773583345e+03
4.981130957735926131e+03
4.938979669147073764e+03
4.899712002496063178e+03
4.862449343455627059e+03
4.825704363465479219e+03
4.790242392091800866e+03
4.756963761820944455e+03
4.726578274148139826e+03
4.697321609620717027e+03
4.668544171182161335e+03
4.638367285956284832e+03
4.607915375287208917e+03
4.578324165447737869e+03
4.551099015318391139e+03
4.523204914015412214e+03
4.496438169720267069e+03
4.468158569204143532e+03
4.438663696467306181e+03
4.408306162101923292e+03
4.378723493618977045e+03
4.349539889640365800e+03
4.320689558979229332e+03
4.292913004156888746e+03
4.263146917910670709e+03
4.233969100352163878e+03
4.204150503219546408e+03
4.173743495393331614e+03
4.146507516460894294e+03
4.120357234337429873e+03
4.094397611737894294e+03
4.067550086073680177e+03
4.041307171519530584e+03
4.016555493191207916e+03
3.991271878062375890e+03
3.965912433307049469e+03
3.939840664004574592e+03
3.914170928450608699e+03
3.887985347202482899e+03
3.862526741878357825e+03
3.838472867541299820e+03
3.814844551596533620e+03
3.791030648241940071e+03
3.768577652514537476e+03
3.747006639997171533e+03
3.726314926128552088e+03
3.705830254858121407e+03
3.684976314526200440e+03
3.663862707007941481e+03
3.644240898128774006e+03
3.625622479379235301e+03
3.607587462616590528e+03
3.589058175753299111e+03
3.570800317706736678e+03
3.552729174589751892e+03
3.535124744896394077e+03
3.517112198453102337e+03
3.498187543230640131e+03
3.478964515424814181e+03
3.460104275961171425e+03
3.440846502622754542e+03
3.422164698146676528e+03
3.404001780231282737e+03
3.386165177019070143e+03
3.368455249101810750e+03
3.351531734848757424e+03
3.335300236574114479e+03
3.319493706787527117e+03
3.304088256528642887e+03
3.289030612392364219e+03
3.273445182440746066e+03
3.257401424150809817e+03
3.241090472548614343e+03
3.225104960368859338e+03
3.209407861003993276e+03
3.194289159507427485e+03
3.180120832604570751e+03
3.166451468140022826e+03
3.152988821070903668e+03
3.139066058479922049e+03
3.125154492899121578e+03
3.111897335039093377e+03
3.099136605451496962e+03
3.086662926472734398e+03
3.073797301120150678e+03
3.060587508886680553e+03
3.046666972791081207e+03
3.032553333525916059e+03
3.018542835777670007e+03
3.005710568709788731e+03
2.993215509827399728e+03
2.980733185693151427e+03
2.969172641746813952e+03
2.957472505042520424e+03
2.944941048019418758e+03
2.932297859458672065e+03
2.920715079146709286e+03
2.909356658303297081e+03
2.898185257647626713e+03
2.886972296042064045e+03
2.875498467234493546e+03
2.863863827512850094e+03
2.851892068471487164e+03
2.839641886768069526e+03
2.826893681399711113e+03
2.814199430237101751e+03
2.802361398786290920e+03
2.790014329535916204e+03
2.776816843882947524e+03
2.763995391399580058e+03
2.751597565659926659e+03
2.738780932009382923e+03
2.725614182845644791e+03
2.711921203091475945e+03
2.698016788787981113e+03
2.684313547445048698e+03
2.671214231711971934e+03
2.658965164989434925e+03
2.647377147981989765e+03
2.635687728230024732e+03
2.623433761678340034e+03
2.610456194615795084e+03
2.598064864914998907e+03
2.585644880819100308e+03
2.573600968258676858e+03
2.561918424123340628e+03
2.550553256491255524e+03
2.539209037548068409e+03
2.527952021136442454e+03
2.517057685159824359e+03
2.506199407653922663e+03
2.495839608719041280e+03
2.486183141246299783e+03
2.476454519341232754e+03
2.466472613170515615e+03
2.456320466819253852e+03
2.445654247117134219e+03
2.434720790152010522e+03
2.424862696679131204e+03
2.415062530664931728e+03
2.405236116772714468e+03
2.395483577353520559e+03
2.385995930332679563e+03
2.377288110031710403e+03
2.368772641215657586e+03
2.360255908628372254e+03
2.352038052441521359e+03
2.344346076229731352e+03
2.336286937121313713e+03
2.328312404840389263e+03
2.320321600320537982e+03
2.312678066946382387e+03
2.305005640172436870e+03
2.297258607829182893e+03
2.289432002190291314e+03
2.281519353642539954e+03
2.273295185933663106e+03
2.265101665322840290e+03
2.257093008571306655e+03
2.249337477443349144e+03
2.241631666592281817e+03
2.233967354287426133e+03
2.226495298599080797e+03
2.219144506433834067e+03
2.212147590083359319e+03
2.204650237069571176e+03
2.196516555547954795e+03
2.188902309891258028e+03
2.181513051853110028e+03
2.174716288708028969e+03
2.167957294753289716e+03
2.161173618874892327e+03
2.154303300551870961e+03
2.147237462402044457e+03
2.139672690148523088e+03
2.132340628564636063e+03
2.125336453904099471e+03
2.118620321022422559e+03
2.111961671255728561e+03
2.105456989279876780e+03
2.098849083956832601e+03
2.092381121403574980e+03
2.086101696126004754e+03
2.079783098619425800e+03
2.073424859926756653e+03
2.066413202166603696e+03
2.059139545375713624e+03
2.051638157294402390e+03
2.044127846501983868e+03
2.036582075017089892e+03
2.029168519819900894e+03
2.021881269775766896e+03
2.014649812150736352e+03
2.007492286846203115e+03
2.000472903175461170e+03
1.993569731233079438e+03
1.986973066815102811e+03
1.980557276170616888e+03
1.974079673136218844e+03
1.967915037707991132e+03
1.961591059075271914e+03
1.955108071535846875e+03
1.948842109101340839e+03
1.943053294198377444e+03
1.937572149560280650e+03
1.932059684536108080e+03
1.926506086881544888e+03
1.920865283093540938e+03
1.915122276851034712e+03
1.909247353875726503e+03
1.903390555580126602e+03
1.897751607033628488e+03
1.892193192815296243e+03
1.886621222983325197e+03
1.881034735074441187e+03
1.875621129046356145e+03
1.870156647409033212e+03
1.865234412854859102e+03
1.860442645927862031e+03
1.855841170684949930e+03
1.851102679979268942e+03
1.846104425205856614e+03
1.840986081360543267e+03
1.835907344963136666e+03
1.830634647339353023e+03
1.825507531161089673e+03
1.820263846782139808e+03
1.814894686070005946e+03
1.809426428997351650e+03
1.803992565537348128e+03
1.798526869790981209e+03
1.793039298991719306e+03
1.787624795310982790e+03
1.781932165044633621e+03
1.775999371521892726e+03
1.770166229558866235e+03
1.764387597120617102e+03
1.758527445013994566e+03
1.752746051583368626e+03
1.746992843098128787e+03
1.741318222106361191e+03
1.735770698914644072e+03
1.730413940174672689e+03
1.725134402849737171e+03
1.719879328320527748e+03
1.714763914424763016e+03
1.709577026819770708e+03
1.704441724354932603e+03
1.699374087582708853e+03
1.694137748576458989e+03
1.688858607429174754e+03
1.683681239453229864e+03
1.678733233196121773e+03
1.673882788208100237e+03
1.669242251472719772e+03
1.664635534284529740e+03
1.660049164456280778e+03
1.655502486537744744e+03
1.650936301398290880e+03
1.646574845880661314e+03
1.642220993357214866e+03
1.637792292837666309e+03
1.633361018779808546e+03
1.629027680961952456e+03
1.624504226696367823e+03
1.619953239844234304e+03
1.615432203913804187e+03
1.611013460064230003e+03
1.606671121234696557e+03
1.602341971314469902e+03
1.598268488473467414e+03
1.593840314811704275e+03
1.589424691454866888e+03
1.585043917982499124e+03
1.580916555309589967e+03
1.576806350738760557e+03
1.572729734233841555e+03
1.568455165761851958e+03
1.564209451624233907e+03
1.560121735683036832e+03
1.556062117785524151e+03
1.552018084040881604e+03
1.548003069106376188e+03
1.544084649152026941e+03
1.540262011179529964e+03
1.536478216774853081e+03
1.532754605556518527e+03
1.528946654196575309e+03
1.525143769701918245e+03
1.521385821431171507e+03
1.517698757002254979e+03
1.514233526859782160e+03
1.510686157730606737e+03
1.507150851177676941e+03
1.503575148750973312e+03
1.499986934086156225e+03
1.496477939356598654e+03
1.493078085373732847e+03
1.489734321467632071e+03
1.486416371929255547e+03
1.482828873393478943e+03
1.479256665818310694e+03
1.475700129003329494e+03
1.472161804068029596e+03
1.468724840014035863e+03
1.465361414158901425e+03
1.462009876988861606e+03
1.458670189683303761e+03
1.455251579579894724e+03
1.451803091300349251e+03
1.448418374728754088e+03
1.445269644973169989e+03
1.441820619437590949e+03
1.438492058331353064e+03
1.435202278851455503e+03
1.432092617222128865e+03
1.429111668278240813e+03
1.426188352479971400e+03
1.423273511930962059e+03
1.420367124964591085e+03
1.417469169966603658e+03
1.414579625374943816e+03
1.411708202381679939e+03
1.408912596594667093e+03
1.406110054720788867e+03
1.403353711759938278e+03
1.400835811478291134e+03
1.398320894903506542e+03
1.395815239224027664e+03
1.393347842551134136e+03
1.390826735343443715e+03
1.388258025817634689e+03
1.385677581879534955e+03
1.383086423325496980e+03
1.380522878770835177e+03
1.377904764179457061e+03
1.375374166271796184e+03
1.372899863869273304e+03
1.370485649926019732e+03
1.368077712655204095e+03
1.365676037579130480e+03
1.363280610251208373e+03
1.360829585043970383e+03
1.358342610091870029e+03
1.355862326446388579e+03
1.353401422947262517e+03
1.350950708813762731e+03
1.348448702792830545e+03
1.345946007171132806e+03
1.343622761688623768e+03
1.341351525525689794e+03
1.339118932349540273e+03
1.336898332248738825e+03
1.334681147161816625e+03
1.332472801335779877e+03
1.330272159673985470e+03
1.328077072446993725e+03
1.325975666120129517e+03
1.323931945676303485e+03
1.321824653541091038e+03
1.319722584112036202e+03
1.317642902802401750e+03
1.315643514518026677e+03
1.313707441242768255e+03
1.311836207202786454e+03
1.309969348007061853e+03
1.308119598420220882e+03
1.306321972622873545e+03
1.304522854838366129e+03
1.302821758734348805e+03
1.301124296317725339e+03
1.299430460269633613e+03
1.297740243286189980e+03
1.295964889189554242e+03
1.294188783990721049e+03
1.292392222483057367e+03
1.290553271628562698e+03
1.288736669302853898e+03
1.286945516437426477e+03
1.285164190997979176e+03
1.283392142249312656e+03
1.281624258324229913e+03
1.279860530185331527e+03
1.278098860173380217e+03
1.276297358299695816e+03
1.274511424727151962e+03
1.272752037540129322e+03
1.271002589331625813e+03
1.269257359217712519e+03
1.267436363219810346e+03
1.265602931306687651e+03
1.263938606767057991e+03
1.262329558266027561e+03
1.260724157784496811e+03
1.259126037557229665e+03
1.257558762772846876e+03
1.256011111189324538e+03
1.254468732930952228e+03
1.252965324936800016e+03
1.251547237902434972e+03
1.250132310787055758e+03
1.248582618527174873e+03
1.247027159244640416e+03
1.245465545824370565e+03
1.243906016967631331e+03
1.242379602474683225e+03
1.240856501399288845e+03
1.239226087425943206e+03
1.237563695835874569e+03
1.235905102113496696e+03
1.234244634287091458e+03
1.232641167206470982e+03
1.231069802282255978e+03
1.229501939084810374e+03
1.227944725767899399e+03
1.226371463608950990e+03
1.224792983524828287e+03
1.223218093704938383e+03
1.221622278569790296e+03
1.219990149487518465e+03
1.218136055389018793e+03
1.216287014706626906e+03
1.214436693502631897e+03
1.212552909992341029e+03
1.210588190391552189e+03
1.208584283263927318e+03
1.206537012725771092e+03
1.204557770223052557e+03
1.202548516907712155e+03
1.200549371832983752e+03
1.198557302306819338e+03
1.196583867786953306e+03
1.194621856758144531e+03
1.192685915023936104e+03
1.190747030467655122e+03
1.188742403891209506e+03
1.186763447462745944e+03
1.184790342116979446e+03
1.182823072635543667e+03
1.180861623832906616e+03
1.178921582420330651e+03
1.176991782031538833e+03
1.175067658094786793e+03
1.173149195941726020e+03
1.171236380935157058e+03
1.169377572726390099e+03
1.167528651378005634e+03
1.165670747425690024e+03
1.163880766213738298e+03
1.162104187075875416e+03
1.160332894292822857e+03
1.158566873704331329e+03
1.156804146057064145e+03
1.154944152002608234e+03
1.153086760404278721e+03
1.151267522649660123e+03
1.149512163835143838e+03
1.147798500796037843e+03
1.146035198840831072e+03
1.144001727209452611e+03
1.141920259195100471e+03
1.139845699647655920e+03
1.137811864525772762e+03
1.135847674578777060e+03
1.133892681471543256e+03
1.131943773343795556e+03
1.130001938323714285e+03
1.128121678401769714e+03
1.126247064275873299e+03
1.124256849688659031e+03
1.122276065370316928e+03
1.120435553962013046e+03
1.118610150601471787e+03
1.116786175046115886e+03
1.114862643264677899e+03
1.113213030672992545e+03
1.111585556239238940e+03
1.109953283333960826e+03
1.108346640258642537e+03
1.106855066411867710e+03
1.105351602045356685e+03
1.103850354101823768e+03
1.102353142836304187e+03
1.100859957942646133e+03
1.099343645192959684e+03
1.097800446936204253e+03
1.096261510158640476e+03
1.094710839478207163e+03
1.093159066385217102e+03
1.091611584780787098e+03
1.090018300985958376e+03
1.088422700667839308e+03
1.086833306925877196e+03
1.085244611212511700e+03
1.083603884109193359e+03
1.081975780779257548e+03
1.080353731893029362e+03
1.078736349757077051e+03
1.077123622070450438e+03
1.075515536558822532e+03
1.073912080974428591e+03
1.072313243096007682e+03
1.070719010728744706e+03
1.069129371704213554e+03
1.067544313880320260e+03
1.065963825141242523e+03
1.064387893397375137e+03
1.062816506585272236e+03
1.061249652667589999e+03
1.059687319633033894e+03
1.058141006373881282e+03
1.056603760993598826e+03
1.055079097288623643e+03
1.053590436075359776e+03
1.052122503638875969e+03
1.050658530041582935e+03
1.049198505558666966e+03
1.047742420484567447e+03
1.046281919180139994e+03
1.044820711998840125e+03
1.043351487433365037e+03
1.041878061753697239e+03
1.040400044516862181e+03
1.038845178014005569e+03
1.037294807198455374e+03
1.035748920313203826e+03
1.034208732166349819e+03
1.032743486833463294e+03
1.031342499556590383e+03
1.030032965963621791e+03
1.028775170758239710e+03
1.027520599588507821e+03
1.026269244624508246e+03
1.025026073999812525e+03
1.023720375824829830e+03
1.022392640684002004e+03
1.021058651016350836e+03
1.019728066422434836e+03
1.018400878712699296e+03
1.017028123768548994e+03
1.015589526841831457e+03
1.014155042394679299e+03
1.012724659041242944e+03
1.011298365423088740e+03
1.009873655893908790e+03
1.008530276787331445e+03
1.007306332851640605e+03
1.006085778562530436e+03
1.004932787382645301e+03
1.003789682590236566e+03
1.002697228486082622e+03
1.001658400464128249e+03
1.000622004531724883e+03
9.995866511461117625e+02
9.985635538696417370e+02
9.975615845855719499e+02
9.966307577027652087e+02
9.957026508228443618e+02
9.947771310304580084e+02
9.938839852984006029e+02
9.929929253128957498e+02
9.920801207988054102e+02
9.911477298188767691e+02
9.902357942509247550e+02
9.892367398040074704e+02
9.882214767524665149e+02
9.871787813545081463e+02
9.861326889202509847e+02
9.850888298574219561e+02
9.840886152291225244e+02
9.830971701132257294e+02
9.821078817928625995e+02
9.811207457552087590e+02
9.800218484085041837e+02
9.788680310885019935e+02
9.777173259059966313e+02
9.765697241024770392e+02
9.754252169435334281e+02
9.742837957187830398e+02
9.731454517418071646e+02
9.720101763500837251e+02
9.708731355161065721e+02
9.697714747931731836e+02
9.686726453239449484e+02
9.675798902903313774e+02
9.664689564817742848e+02
9.652689475826002763e+02
9.640722877199985987e+02
9.628789668429636777e+02
9.616889749305926216e+02
9.605023019919927947e+02
9.593189380662000758e+02
9.581388732220913198e+02
9.569620975582963638e+02
9.557658717582046393e+02
9.545440448564518192e+02
9.533024191789592123e+02
9.520258009657243292e+02
9.507596397584255783e+02
9.494976691892549070e+02
9.482398732024652190e+02
9.469862358036912156e+02
9.457367410597433945e+02
9.444913730984152380e+02
9.432501161082773251e+02
9.420129543384803128e+02
9.407798720985587124e+02
9.395533338666576810e+02
9.382365808942854528e+02
9.369241542656136517e+02
9.356160374145360947e+02
9.343122138386717097e+02
9.330126670991575111e+02
9.317173808204375973e+02
9.304317349013929288e+02
9.291919734572090874e+02
9.279564374876699731e+02
9.267251095751591947e+02
9.254979723713087196e+02
9.242750085967962832e+02
9.230809062087857910e+02
9.219045113669204738e+02
9.207319047514234853e+02
9.195630714043123817e+02
9.184502765746465229e+02
9.173567656393869356e+02
9.162669473400962943e+02
9.151866515458563072e+02
9.141096855602445430e+02
9.130836360245916694e+02
9.120945464771597244e+02
9.111079882891910984e+02
9.101239534306499763e+02
9.091424338982421887e+02
9.081634217153376767e+02
9.071869089318929582e+02
9.062128876243741615e+02
9.052413498956816511e+02
9.043153277941499937e+02
9.033822852336371625e+02
9.024284387170845321e+02
9.014794207938906538e+02
9.005330624835116851e+02
8.995893544391391288e+02
8.986522035946393316e+02
8.977213693060165269e+02
8.967932181365382576e+02
8.957805798462977691e+02
8.947458933017693425e+02
8.937144129180883283e+02
8.926861271090436958e+02
8.916610243268763725e+02
8.906390930621959114e+02
8.896203218438892009e+02
8.884972477922568714e+02
8.873872664162388446e+02
8.862875742613452985e+02
8.851912852981711239e+02
8.840983876165478250e+02
8.830088693445848094e+02
8.819227186485837819e+02
8.808399237329440439e+02
8.797604728400762042e+02
8.786843542503149820e+02
8.776115562818267790e+02
8.765420672905221409e+02
8.754758756699692412e+02
8.744129698512990672e+02
8.733268793703188067e+02
8.722476250159128313e+02
8.711801903129795619e+02
8.701160484920716272e+02
8.690330000555119341e+02
8.679430706306561660e+02
8.668565479664314353e+02
8.657772786886822587e+02
8.647126366650352338e+02
8.636179436395490256e+02
8.625683132232272783e+02
8.615322630493038787e+02
8.606083066939221453e+02
8.597266964693729960e+02
8.588475365521876483e+02
8.579708195078779909e+02
8.570965379221277090e+02
8.562246844007609070e+02
8.553552515697002718e+02
8.544640066947374635e+02
8.534998544324663499e+02
8.525459744578122354e+02
8.516119484920516243e+02
8.507095740901106637e+02
8.497104469520825205e+02
8.487082763690210641e+02
8.477091527864095042e+02
8.467130670513275845e+02
8.457183740014338582e+02
8.447235248828277463e+02
8.437316860564104672e+02
8.427428484960038304e+02
8.417611668222929211e+02
8.407943170713845120e+02
8.398304096400313483e+02
8.388694356415877564e+02
8.379125068125857752e+02
8.369599900842331408e+02
8.360818480439720588e+02
8.352393191731604247e+02
8.343990603874041199e+02
8.335610654778491835e+02
8.327253282502196043e+02
8.318918425247849200e+02
8.310606021363419131e+02
8.302316009341818699e+02
8.294048327820735267e+02
8.285802915582323749e+02
8.277579711552990602e+02
8.269390989820240065e+02
8.261146643140482411e+02
8.252658720219288853e+02
8.244175367894266628e+02
8.234618486072375845e+02
8.224696984459652640e+02
8.214866495551599428e+02
8.205030390436752441e+02
8.195225167490240210e+02
8.185649481441570288e+02
8.176296154577796642e+02
8.166988652192102336e+02
8.157708819328923937e+02
8.148456582475599816e+02
8.139231868257568294e+02
8.130075931490533776e+02
8.120994665832307646e+02
8.111940875689114137e+02
8.102914487254433880e+02
8.093915426858959563e+02
8.084943620970492475e+02
8.075998996193817447e+02
8.067081479270630098e+02
8.058190997079356066e+02
8.049327476635127141e+02
8.040490845089606182e+02
8.031862668235542060e+02
8.023312593365459406e+02
8.014788566631800677e+02
8.006810893132009141e+02
7.999127930300215894e+02
7.991465682224844613e+02
7.983824098665672864e+02
7.976203129468323141e+02
7.968775006121318256e+02
7.961545062995251101e+02
7.955009790333532465e+02
7.948489892287818748e+02
7.941985336324729587e+02
7.935585904426983461e+02
7.929100359548715460e+02
7.922172364322740350e+02
7.915354220857465180e+02
7.908551565850586940e+02
7.901764367864004726e+02
7.895101679873648663e+02
7.888506328777561976e+02
7.881925670196472993e+02
7.875359675058771245e+02
7.868731127603490449e+02
7.862048737689771087e+02
7.855381497130977095e+02
7.848732375125472345e+02
7.842099510984268136e+02
7.835481601136426661e+02
7.828878616468133487e+02
7.822290527903744533e+02
7.815520860912896524e+02
7.807798974052450376e+02
7.800408216063652844e+02
7.793036220601466084e+02
7.785556696283704241e+02
7.778034288953714395e+02
7.770532133345138845e+02
7.763050182592935471e+02
7.755588389903170992e+02
7.748146708553015287e+02
7.740725091890653857e+02
7.733323493335304875e+02
7.725941866377129372e+02
7.718580164577232381e+02
7.710865272677311850e+02
7.702803714393197652e+02
7.694808777639111668e+02
7.686835325187481658e+02
7.678883308241086070e+02
7.670952678075781250e+02
7.663347416754143069e+02
7.656166958388852208e+02
7.649003175135063657e+02
7.641856035031879628e+02
7.634752756256867769e+02
7.627697733440176080e+02
7.620694618338835653e+02
7.613795813121968195e+02
7.606912955465633104e+02
7.600046014689781941e+02
7.593205805295764321e+02
7.586391341931715715e+02
7.579592431213615100e+02
7.572809044017104725e+02
7.566041151253017460e+02
7.559288723867391582e+02
7.552551732841412786e+02
7.545834995028745880e+02
7.539066326839749763e+02
7.532004738502248529e+02
7.524961486706499727e+02
7.518654424536317720e+02
7.512661145680842765e+02
7.506700042454596087e+02
7.500837870351093670e+02
7.494949177928853032e+02
7.488898812524262212e+02
7.482862427240713714e+02
7.476839992593671695e+02
7.470944257147677945e+02
7.465089617866252638e+02
7.459330313512300563e+02
7.453951591459421024e+02
7.448584318226318146e+02
7.443228470676000370e+02
7.437884025709051912e+02
7.432550960263617981e+02
7.427229251315355896e+02
7.421918875877400978e+02
7.416619811000334721e+02
7.411332033772126806e+02
7.406055521318102137e+02
7.400790250800930608e+02
7.395536199420553203e+02
7.390546885117348666e+02
7.385621937983951284e+02
7.380591307616372205e+02
7.375541571035014385e+02
7.370502338406523677e+02
7.365473588561296765e+02
7.360455300365005087e+02
7.355447452718555041e+02
7.350450024558062978e+02
7.345462994854821090e+02
7.340486342615246258e+02
7.335520046880841392e+02
7.330564086728161328e+02
7.325618441268788956e+02
7.320705240052153613e+02
7.315835269840605406e+02
7.310437422891080814e+02
7.304803668999135198e+02
