3.101454745722501682e-01
-1.070209614782076102e-01
1.266850393369279258e-02
1.085993269098467939e+00
1.445716768793652018e-01
-7.341208303836357363e-01
-1.266687448263772164e-01
-7.129850523646523719e-01
8.649719699973252851e-01
6.922835986847019063e-01
2.537009051766697665e-01
5.023697969908666461e-02
-6.935712958711715004e-01
-7.946820192253287174e-02
1.204197118077324991e+00
-3.119415210698739394e-01
-9.324243683284701989e-01
-7.673615667854383204e-01
-2.291750720238930339e-01
-6.327477367254412677e-01
-1.173849016279694402e-01
-6.258617631823558680e-01
-1.365191459077935154e-01
-8.388583647780349928e-01
-6.619004177856541160e-01
7.161246431703617299e-01
1.780612169472698847e+00
2.665414337539419587e-01
7.474131369890369379e-03
1.494223749099693022e+00
-1.674143851585283338e+00
-5.092608595053740306e-01
-1.412082578348903550e-01
2.817989713630156823e-01
-3.282274555552015527e-01
5.450917605909640917e-01
-1.260421671256111431e-01
-3.931708997910762227e-01
4.788455281155833132e-02
4.710789187484498708e-01
4.047566449172388392e-01
4.363456249138321086e-01
-9.028937065936594175e-01
-1.432604975917800338e+00
-1.564276605359152583e+00
-6.784279810460416837e-02
2.387999985485192767e+00
2.250937729640710927e+00
-9.730781982739085401e-02
9.646081838285318621e-01
-6.588707401191193913e-01
-1.346404731126490395e-01
-4.479288986942189243e-01
-4.272396268213223824e-01
-1.346888289205174116e+00
1.223629426414601706e+00
-8.444958697951594484e-01
-2.479972809234088249e+00
2.750099358834736218e+00
-1.316354921483067208e+00
-4.792641636799360727e-02
7.278203564973977358e-01
4.706139934971073635e-01
-1.283513108356962862e-01
-6.384013365980665267e-01
-2.253900585870751261e+00
-6.278752044534884336e-01
2.197764587738540165e-01
-3.184688264720381135e+00
1.951411473910500405e+00
-9.510363787984891237e-01
-2.018898114162382296e+00
-5.656569209308066615e-01
1.437852292201175830e+00
1.060771133802645760e+00
-9.338915125747230261e-01
-1.473360015498983877e+00
7.697874757586127270e-01
5.793666214633319544e-01
3.623584640694049175e-01
1.435629245143704491e+00
1.068046491034408407e-01
-6.460482954000427158e-01
1.274843591301312973e+00
2.675763875719570639e-01
1.333655623848657656e+00
6.964085685252744407e-01
-1.267814838707316039e+00
-6.396749901800413696e-01
8.833828791466507013e-01
-4.602884529110589096e-01
1.742500635917679563e+00
-6.549498265711842793e-01
6.887989968811518704e-01
-1.269380845034745686e+00
-1.157951485302025851e+00
2.086583132281606690e-01
9.083583441006405634e-02
7.275022791975769287e-01
-3.060550072593445914e-01
1.434468435770681338e-01
7.026271907114339799e-01
8.725929263222053089e-01
-2.315633066790920291e-01
1.149802507408002938e+00
-3.692377181033163480e-01
2.866883713345924067e-01
-5.646593595761560946e-01
-2.031588205917617129e-02
1.007169588270372618e+00
1.421663140775226153e-01
1.581143199896564822e+00
-1.657459164126250828e+00
3.615638364219713741e-01
5.839339174179519754e-01
7.858414596884282233e-01
1.831000465796383647e+00
-9.788483040349078568e-01
-5.944066475244066394e-01
5.209978204318534978e-01
2.233678703354481598e+00
1.634163274119436737e-01
-3.248758174011642241e-01
-1.275308758487691874e+00
-9.587584566838592837e-01
-1.482630282648463194e+00
-1.303790263641582126e+00
7.786471121001214968e-01
1.208830175974884735e+00
9.041919405177093472e-01
-6.130640467924765025e-01
-1.274336722489632923e+00
6.482498503868833195e-01
1.369994865505575143e+00
1.059300197717940151e+00
1.186676688675170510e+00
7.793453442816343779e-01
7.642381900116869131e-01
3.968990215330721605e-01
-6.913200567913995176e-01
1.260675231251918715e+00
-3.655438670408766577e-01
1.439027708552944596e-01
5.856365571865110864e-01
-7.009698953642819197e-02
-4.187689823264371669e-01
1.323959725511765217e+00
7.928084726773672319e-02
-1.385567724519703725e-01
-6.950128430530687629e-01
8.215825278734190107e-01
3.454524625668952686e-01
-5.392592048991221576e-01
1.694295633221777120e+00
-5.772790898437837326e-01
-9.211294868108339529e-01
-5.147859943773744895e-01
-6.350378720781009179e-01
6.391511293435645502e-01
-2.972667940595182245e-01
1.362427804541682219e+00
6.831539655016692913e-01
-6.042161514461327210e-01
-1.805887300072134272e-01
-5.107213331179162319e-01
-7.203691537728373895e-01
-2.788863121995249550e+00
7.954866946921611559e-01
-2.477797101603785856e-01
4.877589581820876985e-01
5.463457310342838269e-02
-7.852614892669016466e-01
-1.034539897315975621e+00
-7.410595807626001452e-01
2.516265799215090526e-01
4.105401723461570285e-01
1.152625630502687404e+00
1.408326709130125698e+00
1.676063036447105414e+00
-5.838561743032256723e-01
-6.645058467784626943e-01
-1.792129615294915657e-01
-1.514765920235539021e-01
-2.496722834342168795e+00
-1.310080750432895735e+00
-1.114916947237884148e+00
-1.048251747358589281e+00
2.133897962536080772e+00
-1.313542358657391107e+00
2.597401641856111332e-01
-8.963832604772697943e-01
7.588360270974698896e-01
8.718611126531826683e-01
1.751956381039077915e+00
2.009869394084888405e+00
-4.751211201879848023e-01
1.000288875747251255e-01
7.136728637268798803e-01
3.527725948287058211e-01
8.805870397014471662e-02
-1.507077179461225214e+00
-1.112027919498533635e+00
-8.789238551191919102e-01
-7.724783309381856311e-01
-1.007160969382509208e+00
-7.091495460767122117e-02
-4.792785355688043425e-01
1.135931015422497081e+00
5.483732910021039686e-01
-1.660253768754363923e-01
-1.601049540894855738e+00
4.346332687371426418e-01
9.866471805565626418e-01
6.243309332824691360e-01
-6.773097298276631317e-01
4.386044745801878642e-01
-7.983027809202214442e-01
3.556511487286589945e-01
-1.793053241794697605e+00
4.510200372995015194e-01
-3.421860271220305560e-01
-9.476666018574858574e-01
-6.011781604524148170e-02
1.308752091283173380e+00
-1.168052627719792458e+00
-4.784084394373268601e-01
6.992606985558511568e-01
-2.723304715689481292e-01
6.042565121502228853e-02
-6.935205397772883362e-01
6.099842872737554211e-01
2.006687523042589502e-02
-1.149530439484335975e+00
-5.454296264831216545e-01
-1.186495204353869293e-01
7.936267105417849077e-02
-8.879859402204284269e-01
8.384636707566516245e-01
6.651189671142940796e-01
-1.272798870309948649e+00
-4.921448107130435012e-01
3.277530566212830121e-01
5.806435667208948992e-01
-9.649741596246197428e-01
-8.148698300953934048e-02
-3.089760860809421805e-01
-1.259789165875847328e+00
-1.063455982634752939e+00
-8.938283656007037781e-01
1.447967261441273912e-01
8.148053222894696343e-03
1.209428940341109371e+00
-9.021959062172824062e-02
1.001561766004494425e+00
-1.133716553920270709e+00
9.611094403755401361e-01
-5.194832842187761118e-02
-7.494303467773650862e-01
7.252428718612960457e-02
1.676633780712595501e+00
-1.464040522353913465e+00
-4.132832337775612652e-01
4.021712027723202132e-01
-1.553378752791275907e+00
-1.205068674799181228e+00
8.367780935326128988e-01
1.380958640959118466e-01
-8.769270895929691667e-01
-6.168566488952061944e-01
3.279442470207788451e-01
-1.560933833950174598e+00
-4.495857922251291217e-01
1.761589575207276326e-01
-1.405339270962104425e+00
-6.830844589339188921e-01
5.702846322848153376e-02
4.546445732728379707e-01
6.568215440270340766e-01
4.019277868556915823e-01
1.673680119394312049e+00
1.256784125023927834e-01
9.338953338207001131e-01
-4.149905311451708156e-01
-7.699118441581516148e-01
-5.295776141346631993e-01
1.166319248018877097e+00
-4.197456415916613753e-02
-1.093177654974057278e+00
4.259340870876193730e-02
-9.333335351805303048e-01
3.445541939720018210e-01
-8.003497235780379082e-01
9.884396183749177833e-01
-2.451718582032188287e+00
6.437270491885470625e-01
-2.421481070859706763e-01
-2.379594117992802627e+00
-7.827009462389882266e-01
-8.262565748551983225e-01
-5.206676201514072178e-01
-4.318584357174970467e-01
1.965101033493243665e-01
5.594139356523203377e-01
-8.700252068105298608e-01
4.237106247164736383e-01
8.800445298387321591e-01
4.929457147875940803e-01
-2.300635331569172770e+00
1.786421359412994347e-01
-1.198418182437293034e+00
4.329044567309887070e-01
4.115022196404720667e-01
-2.899417128733908222e-01
-8.100200665269059463e-01
1.791901717039953157e-01
-4.718605243984097530e-01
-1.350088096172475050e+00
7.526990576209684480e-01
-1.365665113383517815e+00
-1.671767461513714137e+00
-1.999469079216361189e+00
-4.924422124376098830e-01
-1.904640697293445539e+00
7.970927118252149057e-01
-3.512480517068065633e-01
6.301234223945462176e-01
-3.291101250892817798e-01
1.977611538568829763e+00
1.557031396785041322e-01
-1.184199791306996818e-01
4.474416096958108713e-02
8.482308206673720985e-01
-2.081283564064662084e+00
1.832929261491017536e-01
5.891033391938217401e-01
-1.678729476778819396e-01
1.637506196805102121e+00
-1.962369528211441727e-01
1.117743375599531408e+00
-4.246886843400546896e-01
-6.341077253957518867e-01
1.815485359270812005e-01
-1.734602252236036479e+00
-2.176739974318483983e-01
-1.397183518620650711e+00
-3.807251331861991606e-01
5.262466628689954629e-01
-2.209491389767045622e+00
7.003324153464278723e-01
1.617257049323713725e+00
1.663381889216105636e+00
1.142555223375406603e+00
1.779782203427927589e+00
2.369895029158257671e-01
-1.288674029604001570e+00
6.099373528854595133e-02
-4.856990629108087765e-01
-2.428610085026925880e+00
-9.899821528611405519e-01
-9.305265424568437416e-01
-8.442592885363725541e-01
7.192211218850474985e-01
-5.317078198158257107e-01
1.406346593299333758e+00
-7.346429619620096219e-01
-5.905988650282161245e-01
2.069521670942739977e+00
-6.857635057944074797e-01
-8.872374142559902310e-01
1.953905712414937046e+00
-7.217142006457593073e-01
-6.258308688820797550e-02
1.351335222643682998e+00
9.282690948884241289e-01
5.865487805277015410e-01
1.584735109453845325e-01
1.703018762051549118e-01
-9.997173932058089907e-01
1.363335686269228963e+00
8.964147958552007855e-01
2.206948554344263513e+00
-1.071433988033402285e+00
7.013834368123554874e-01
-1.132293518464166260e+00
1.537307044103438880e+00
1.147782503254890063e+00
-9.904736052631499810e-01
-1.160176410567622884e+00
1.614278071720818497e+00
-1.440695643111315413e-02
1.468586953059836109e+00
-6.227415154833658706e-01
6.488816247079139954e-01
-8.246643658464825055e-01
6.702138451754584558e-01
1.163868001448801426e+00
1.169380100178277759e+00
-2.020867175072071475e+00
2.019991232514835922e+00
7.085781930946001284e-01
1.242346031134181593e-02
-9.888098849241079291e-01
-9.107301365961393280e-01
-3.129620344590635095e-01
6.535567183440303962e-01
2.075307210039182504e+00
-5.543639991693929403e-01
-4.043579978002332931e-01
1.739223833417159248e+00
6.583191323122108418e-01
-6.027690831817449357e-01
-3.886803865513345224e-01
3.110377608116661752e-01
5.146081551686372269e-01
2.353798386421665778e-01
-1.599084248148821899e-02
4.648230192872926381e-01
3.957708815325514107e-01
4.388323708115605681e-01
1.184556060938526612e+00
-3.235574971043161385e-01
7.102973791300487560e-01
9.096417453209318937e-01
-1.358056857598835210e+00
9.850039877963717716e-01
1.110577396875282313e-01
-1.932001710037190532e-03
-7.523600782180203117e-01
-7.004059553996231369e-01
1.102115854662614192e+00
-6.883146751345576853e-01
7.949587460502332004e-01
1.368919897464021096e+00
-1.743237783323521028e-01
4.518737217091912117e-01
3.862987335962627666e-01
-7.056147866854520778e-01
-7.444755866163216274e-01
2.079801622003257133e+00
2.450046563384809251e-01
1.292902278108919667e+00
-1.048479135504169907e-01
-1.178041774880897785e+00
9.626449729358953489e-01
1.881782147384905679e+00
1.631353853010008292e-01
-5.136706829209974901e-02
1.304250688258292434e-01
6.196589446027664927e-01
1.104510106224522586e-01
6.290053929380806652e-01
-6.127720246895673739e-01
1.876994464217820013e+00
-6.531467683893670273e-01
4.754259842863479690e-01
3.518573117130584516e-01
-3.919829658837369890e-01
1.596743197307580298e+00
6.250340068131325644e-02
-1.367888575655335781e-01
-8.636027104612832572e-02
6.578001024458814960e-01
2.513147905700605644e-01
9.064490047746035506e-01
8.524661484380754439e-01
2.253433514552022343e-01
-3.100921563092713384e-01
-9.111491223419665442e-01
-7.362548083039832658e-01
-3.174922461690757869e-01
1.760833201305261886e-01
-1.170333656816248569e+00
7.440624194213002474e-01
-6.766157314113599441e-02
-6.202295636284810287e-01
-1.642964714983511099e-01
-4.414224666091267069e-01
1.012296608408159049e+00
-1.984019709405712428e-01
-1.102921025466218757e-01
-7.629008644244642534e-01
-5.513114519141676384e-01
1.179921832828990658e+00
5.136815704564914320e-01
8.857197154803958528e-01
7.514446712649534843e-02
5.752028710020620217e-01
6.428781216286861833e-01
1.059173317249332280e+00
2.800818190408141395e-01
-7.909866582988550610e-01
1.181218915494527399e+00
5.773508987754900207e-02
-1.446054349678966178e+00
-1.218992540710338801e+00
-2.334676692700666800e-01
2.613579131307460557e+00
-4.771838966699155637e-01
6.571649709786624438e-01
8.335766398294629509e-01
1.016082910040882054e-01
2.658248266460700449e-01
-9.570147481201819462e-01
1.124115375329985955e+00
-7.534504568040385486e-01
1.729138987120788951e+00
-2.307039587611744644e-02
-3.139568506570165618e-01
1.381143654739211413e-01
1.488783488145237532e+00
-8.740128576389216697e-01
-2.205129762174422858e-01
-5.803101835859885149e-01
-5.576794799099855648e-01
2.224501057604539034e-01
-7.202711684627801647e-01
-2.089185676090074897e-02
-9.033944468271259964e-01
-2.091868022214010470e+00
-9.796067075682347580e-01
1.242513779385172601e+00
-3.515686506122366883e-01
-2.278177645909774895e+00
-3.215182225828231571e-02
-3.000576708922519376e-01
6.034723673158157720e-01
-2.194145211402311002e+00
1.693820705283951289e-01
9.504060272823681155e-01
6.201297778267466088e-01
1.051757411162348443e+00
-2.291371833366655064e+00
-2.378350355221724721e-01
-2.614521171639555552e-01
-1.498048820576484141e-01
4.771363608522865563e-01
-9.079680509337574590e-02
-1.056598515517730430e+00
-9.250945142252030295e-02
3.821464505724862515e-01
-1.705682690832768800e-01
2.802248725970830634e+00
4.738959032129853033e-01
-1.292672523410295593e+00
1.199665852654107079e+00
1.623891399361729215e+00
-5.473447352323917992e-01
2.143928727013470148e+00
-7.035730409491653958e-01
-7.258374296926030089e-01
1.697655078918598681e+00
9.463517186409514670e-01
-1.845404016874925057e+00
6.306620796750559421e-01
1.416106175961773794e-01
-1.068155720913213536e+00
1.488069965737504052e+00
1.247232700712678000e+00
-2.453726765416200106e-01
1.954552529794188587e+00
-8.056751568288658127e-01
-1.195311562324045340e+00
-6.019012666216604773e-02
4.617781974977517301e-01
-1.036536146803797818e-02
-7.990124352118261886e-01
3.472732294063303193e-01
-3.874377330397613117e-01
-1.677059977816162561e+00
-1.243171987115873067e+00
-5.678136427066624581e-01
-7.112868835285714349e-03
1.342158176455898078e+00
2.653585271650566457e-01
-1.200827968653439992e+00
-1.481930292156275475e-01
2.999888518655899339e-01
4.817663734471012149e-01
1.075202874268146758e+00
1.965856495747815916e-02
-4.726544188027990701e-01
1.382665835455861636e+00
4.155167243759392282e-01
1.770701146859114117e-01
3.506785128721461309e-01
5.928126887465973160e-01
-5.393403509794121309e-01
-1.499460026959818781e-01
1.133710662587655627e+00
6.956473865408110413e-01
-4.783995277792207346e-01
6.071849243371595373e-01
-2.657737527661740429e-01
1.075054745530381384e+00
-2.234814396224770405e+00
1.206342220766998263e-01
-5.741012573405415154e-01
-9.818360246926683965e-01
5.766011850882547529e-01
-1.420785859141793672e+00
6.790596212495293438e-01
4.841364019883773739e-01
-5.223895202740371779e-01
1.166015796847831021e-01
9.070072413584578941e-01
-9.741974858197666176e-01
4.592270476485506570e-01
6.432283044866269998e-03
-6.906222485052972981e-01
-1.275797873781835401e+00
1.733733272349326615e+00
9.414306556776932400e-01
3.282711961275762147e-01
-9.976077808581151896e-01
7.187229262336378710e-01
1.537377904508096638e+00
2.345460574600593873e+00
1.028148067323035875e+00
4.297130360324879009e-03
2.475671838478968212e+00
8.345612331661900196e-01
-3.791641933147978372e-01
1.106789298538040756e+00
2.595196414537540019e-01
3.314605230261147839e-01
-2.284066356571867185e-01
1.048397283165541038e+00
5.801302516830950662e-01
1.036740031059493194e+00
-1.356921039501813864e+00
-6.826206247683689332e-01
2.069246162567400127e+00
1.449416474306658653e+00
-1.769236555134560351e+00
-1.867562579058132499e+00
-1.602729663686897954e+00
9.361670918045114642e-02
-1.344395813331653811e+00
-1.097624302803584362e+00
-1.651814110239949063e+00
2.271490908917628559e-01
-1.854523744096646665e-01
-5.667819791774014737e-01
9.971067015239371001e-02
-8.051347512894533320e-01
2.329759359045766864e-01
-6.537227532097987792e-01
7.331609092032759234e-01
3.874961334106089006e-01
-6.414172989972128924e-01
-5.103275946458950552e-01
-7.363177017058325502e-02
-8.365515828792263742e-01
-1.074958707431195259e+00
-6.480647169110940187e-01
2.007995700398447214e-01
2.329840726686038532e-01
1.111636926267524306e+00
-5.952348687716910725e-01
-1.147882970745331743e+00
1.733124107603596809e+00
-1.149613894072212039e+00
1.791959445040813170e+00
-2.351510294906332121e-01
-5.714915814066725552e-01
-4.893480894573455919e-01
1.722024557180152349e-01
-1.188482695081108931e+00
1.043715371509789769e+00
-1.259245449515164483e-01
-7.020947564481945236e-01
8.853766162671061757e-01
6.844954928441827624e-01
1.409981770907281717e+00
1.278480214112574842e+00
1.036761007499886755e+00
-8.576722910062279936e-01
1.217431970723582113e+00
-9.545322121124809600e-01
5.052031007841953913e-01
-4.106171336869618438e-01
-2.860972086262734693e-01
1.443829814716614424e+00
1.040459288073221078e+00
-2.447119461119111328e-02
-2.359391635165625445e+00
-1.808801785940282514e+00
7.374867393611812538e-01
1.467794643387381193e+00
-1.284544101766703916e-01
-3.760907984378186186e-01
-1.627329356297033458e+00
-2.288873355575551383e+00
-2.680346334671299124e-01
-6.779604849191821492e-01
-3.784911056157581194e-02
1.757187685305241720e+00
-9.119746263673544906e-01
-6.506529574283831385e-02
4.790705423620484349e-01
1.010445794092653005e+00
1.174143371006958203e+00
-6.288119360942865388e-01
-3.204187498005719309e-02
1.033667199192985220e-01
1.277576024679275779e+00
-2.721476473689192210e-01
-7.351653421134382027e-01
6.187895040793069956e-01
-9.314874571791368352e-01
1.016818147802239780e+00
-8.339867945654652059e-01
1.286627203036044387e+00
-3.738026295518905723e-02
-9.253037245878399375e-01
-1.160617550744843102e-01
1.007193723942521713e+00
-5.405584593131319560e-01
5.534586193564532408e-01
9.170185165775271985e-01
-7.886223950735612997e-02
-9.263788132298578226e-01
-7.781919930324070200e-02
-5.329428487093814670e-01
5.781195194085193556e-01
-5.341594620446408204e-01
3.253627050140071586e-01
1.657447043884919813e+00
-1.606816053877542005e+00
-9.157938393281912504e-01
1.211000703439411241e+00
-1.551103229165938235e-01
-1.142491502401215886e+00
3.001516954600452203e-01
1.681008503673020460e+00
1.319180141781030845e-02
1.275361734339043984e+00
3.618541480925632770e-02
4.695988568719471901e-01
-1.628224099930364765e+00
3.900027924761297060e-02
-1.041768675144178591e+00
1.159682102627213274e+00
-6.741461432363237138e-01
-7.778628249462512523e-01
9.578588754365974234e-01
-4.290123803655086082e-02
-6.669483710315375902e-01
-3.934803192441845288e-01
-1.406223382566507141e+00
-3.447701640608718532e-01
-6.172217298094702098e-01
-6.548713889939351551e-01
5.173176553029945612e-01
3.162266695882257617e-01
-7.504691389206155083e-01
6.921574271926220767e-01
-9.654346059390720436e-01
4.308293318214369283e-02
1.224621186573136233e+00
-9.786972724840260762e-02
4.597511290532317885e-01
-1.832435931334053594e-02
-1.347581847506227559e+00
-1.865115628891206523e+00
-5.046870848992335290e-01
-2.318758633187317786e-02
1.940757729291306966e-01
2.231776331623144483e+00
-4.271520402669233274e-01
-9.802649908384962751e-01
1.069678103546962022e+00
-9.195744332584545599e-01
6.631253887074252396e-02
-5.222546475389834297e-01
2.697826128376165089e-01
-2.075697822214109589e+00
-8.203833488063542179e-01
-3.407356356353443694e-01
-2.425267193263023688e-02
1.150582691129677926e+00
4.794267152419721678e-01
3.219986892379211874e-01
2.662774537211775039e-01
3.520552622813497012e-01
