# t absolute_taylor_remainder
1.000000000000000021e-08 2.845870655475548966e-12
1.202264434617413033e-08 2.711991447181699190e-12
1.445439770745927916e-08 3.324727162949710885e-12
1.737800828749376318e-08 3.491352370428704504e-12
2.089296130854040800e-08 1.244713821835384733e-12
2.511886431509582074e-08 7.163105841257035944e-12
3.019951720402019445e-08 3.899841595692682926e-13
3.630780547701017500e-08 1.374242645406972135e-12
4.365158322401656592e-08 2.311040636424332171e-12
5.248074602497723178e-08 3.219076226960342416e-12
6.309573444801929638e-08 3.166503671039367935e-12
7.585775750291835657e-08 3.517177891265005612e-12
9.120108393559096371e-08 3.178156508276718580e-12
1.096478196143185152e-07 4.755617684791177933e-12
1.318256738556407445e-07 1.107155538852388349e-12
1.584893192461114080e-07 1.074361853618138220e-12
1.905460717963248274e-07 2.361050282828668426e-13
2.290867652767774782e-07 2.453945063780405347e-12
2.754228703338163154e-07 3.548043786262512420e-12
3.311311214825907925e-07 2.232462289033024239e-12
3.981071705534969225e-07 7.534415857190926782e-12
4.786300923226379810e-07 3.471978584355158576e-12
5.754399373371566533e-07 9.759025849259174434e-12
6.918309709189362969e-07 9.611527617911248128e-12
8.317637711026708743e-07 1.316778240942730396e-11
9.999999999999999547e-07 1.355764441414008398e-11
1.202264434617413179e-06 2.381658584270970186e-11
1.445439770745927936e-06 2.870148590366009000e-11
1.737800828749376344e-06 3.808804904499932253e-11
2.089296130854040654e-06 5.378957937157875790e-11
2.511886431509582273e-06 7.602631409619683978e-11
3.019951720402019286e-06 1.083397256997943592e-10
3.630780547701017474e-06 1.574331479525965805e-10
4.365158322401665089e-06 2.256470960602940945e-10
5.248074602497733263e-06 3.237266128449690916e-10
6.309573444801943191e-06 4.658074991806433751e-10
7.585775750291835657e-06 6.736789135439527620e-10
9.120108393559096371e-06 9.726518361346733754e-10
1.096478196143185014e-05 1.401427374863629949e-09
1.318256738556407435e-05 2.027930385249676615e-09
1.584893192461114123e-05 2.926869760878220150e-09
1.905460717963248412e-05 4.227295014470194845e-09
2.290867652767770155e-05 6.113454318950814481e-09
2.754228703338163281e-05 8.829476009705738981e-09
3.311311214825907629e-05 1.275972119803292504e-08
3.981071705534969458e-05 1.844675151388766587e-08
4.786300923226380360e-05 2.666251756010262763e-08
5.754399373371566406e-05 3.853439578972023272e-08
6.918309709189362545e-05 5.570000088245263825e-08
8.317637711026709040e-05 8.050466293509778160e-08
1.000000000000000048e-04 1.163686454393533798e-07
1.202264434617413111e-04 1.681970946323246840e-07
1.445439770745927987e-04 2.431186310325461619e-07
1.737800828749376319e-04 3.514085849740111733e-07
2.089296130854040908e-04 5.079366263080475896e-07
2.511886431509582256e-04 7.341961296668253478e-07
3.019951720402019066e-04 1.061234869498967059e-06
3.630780547701017795e-04 1.533953725520176281e-06
4.365158322401656212e-04 2.217235451566768045e-06
5.248074602497722861e-04 3.204875717914557054e-06
6.309573444801929842e-04 4.632453124993329840e-06
7.585775750291835285e-04 6.695932624894984642e-06
9.120108393559096371e-04 9.678566312107395042e-06
1.096478196143185150e-03 1.398978253694393992e-05
1.318256738556407509e-03 2.022138806195838967e-05
1.584893192461114082e-03 2.922879751486584521e-05
1.905460717963248195e-03 4.224846088821121448e-05
2.290867652767774546e-03 6.106779020348396259e-05
2.754228703338169014e-03 8.829708272464764640e-05
3.311311214825914378e-03 1.277103185047812062e-04
3.981071705534977752e-03 1.847458240982757793e-04
4.786300923226380170e-03 2.672666149085567433e-04
5.754399373371566623e-03 3.866409184629659990e-04
6.918309709189362708e-03 5.593040549354277857e-04
8.317637711026708985e-03 8.090162003088208209e-04
1.000000000000000021e-02 1.170140927458152014e-03
1.202264434617413176e-02 1.692389132704752441e-03
1.445439770745927943e-02 2.449699144722039534e-03
1.737800828749376178e-02 3.549215862701959878e-03
2.089296130854041006e-02 5.144356928831195219e-03
2.511886431509582213e-02 7.457077576112691730e-03
3.019951720402019174e-02 1.080844029082195235e-02
3.630780547701017297e-02 1.566280958992827266e-02
4.365158322401665320e-02 2.269174268445484088e-02
5.248074602497723035e-02 3.288918998600109944e-02
6.309573444801930275e-02 4.778540108928286401e-02
7.585775750291835762e-02 6.955053680029621432e-02
9.120108393559096804e-02 1.012553715500290608e-01
1.096478196143185063e-01 1.471808798605174218e-01
1.318256738556407293e-01 2.132394293606818536e-01
1.584893192461113987e-01 3.078570029568705735e-01
1.905460717963248229e-01 4.434027302779419699e-01
2.290867652767774598e-01 6.372758328226453273e-01
2.754228703338169049e-01 9.154620707208280805e-01
3.311311214825914395e-01 1.318536772653075673e+00
3.981071705534977578e-01 1.909274270221349212e+00
4.786300923226380344e-01 2.785279457238019063e+00
5.754399373371565929e-01 4.079196520964970318e+00
6.918309709189363055e-01 5.973201177487119651e+00
8.317637711026708569e-01 8.716712901359521481e+00
1.000000000000000000e+00 1.271797572511212593e+01
