-1.141899875355259830e+00
-1.069156408401845448e+00
-7.571299169938155993e-01
7.685286206038532963e-01
-1.037760583873935660e+00
-1.025863459139432443e+00
-3.925531068376965083e-01
1.387495127003613327e+00
-9.246646745328331862e-01
-6.966136268302630663e-01
1.932763389583704583e-01
1.446277842719314866e-01
3.860287079016814782e-01
-5.704101693155879671e-01
-9.354259981110952804e-01
-1.335292438112556157e+00
3.294642947311112180e-01
-2.075062621080062120e-01
4.267053801580486527e-01
4.503252126087361334e-02
1.390239782810133162e+00
5.831055806830665045e-01
1.652192946068088697e-01
4.400000034350440292e-02
-5.101077650822902765e-01
-3.872671236835562580e-01
-3.199642512859768861e-01
1.521668778489346563e+00
-1.891483086590817486e-01
-5.965424058180708311e-01
2.414594938926325207e-01
7.221330697566804568e-01
-1.127993805655224335e+00
-2.330808306957748322e+00
-2.705893154021231095e-01
1.024770499357366305e+00
-6.919854334705553001e-01
6.302548048389816637e-01
3.300894836625560269e-01
6.909107085307919505e-01
-6.390852341900673528e-01
-3.516878630193516209e-01
1.608023250515869362e+00
6.904560831704850132e-01
-2.502485148918300872e+00
1.259088486290366626e+00
2.011465659300910591e+00
-2.795461695777294864e-01
7.881188503491824981e-01
-8.518059600443127488e-01
5.126353676176424734e-02
8.533003180445215829e-02
-6.246682674234274035e-01
9.078546931653167507e-01
5.457813772319699552e-01
6.409320208878179770e-01
9.034766888407838037e-01
-2.176953181088947975e+00
3.477120680661249241e-01
-1.597908673179402994e+00
-4.199495162320627806e-01
-4.083258668016484516e-02
-1.090183701569481300e+00
1.179228460818097096e-01
-1.349572869340264658e+00
-4.634318023365666117e-01
8.639095115299191274e-01
-9.925426117896731792e-01
1.659730567864228512e-01
-1.542965497662629470e+00
2.830801932822958888e-01
-1.753243498323378224e+00
-1.009913999508933014e+00
-1.709750621799262849e+00
2.271607938408972682e-01
-1.035217149691542105e+00
-5.861660330361594395e-01
2.370808050191735850e-01
8.976377220634239595e-01
5.618931129759189291e-01
-2.399308168434448330e-01
1.448772377759003138e+00
8.637386737543982784e-01
-1.653966567038689384e-01
1.880130973087953183e+00
-9.588736418690269048e-01
-1.369976884920147686e-01
1.297561220709333885e+00
7.218126743469208684e-01
5.189412064737137786e-01
-2.423994684477657757e-01
-9.647458438768341527e-01
-3.666732929331598667e-01
5.121156310910907061e-01
-4.826547065822930360e-01
-1.411293024067821422e+00
-3.712313223261367590e-01
1.868802465962748238e+00
7.271293977830850519e-01
1.899352945437034146e+00
-1.844969947031817603e-01
-4.141814089367338858e-01
-6.696833153341973377e-01
1.668704331943204888e+00
-8.318315838546307406e-01
-1.097934393265819625e-01
7.974392507036442979e-01
-1.240791057366090744e+00
-4.118993020395866345e-01
-7.003851617750708192e-01
-4.215172977215767697e-02
6.650196878866244665e-01
-7.195110505101492970e-01
5.236882566109795079e-01
-5.759554020899841920e-01
4.352114879768919850e-03
-1.268677451529278410e-01
-6.673606507657284803e-01
-1.390260402263890027e+00
-2.570554085688827040e-01
-3.559057910033298633e-01
1.875488463588338428e+00
9.292143955585764337e-01
8.883613782683655868e-01
-9.123128032871704596e-01
9.190843565746286137e-01
6.978487916891841225e-01
-6.458131454607353439e-02
1.211491567674969128e+00
1.664478874903062011e-01
3.415115795893114981e-01
-1.670983748114825140e-01
-9.913785239671231153e-01
1.237070076651284323e+00
-1.019643669174848499e+00
5.593136345709575075e-01
-1.166082985541660344e+00
2.086112596235690786e-01
-8.775269473768939621e-01
9.912063227918529451e-01
-4.419301380775577659e-01
-3.126349692486057319e-01
-7.139135035002237561e-01
-6.229283695309560942e-01
-5.419864423951927801e-01
1.546968001475863330e+00
2.218224379468549112e-01
-1.174687078899876447e+00
7.989774448294340026e-01
-2.408364135115703686e-01
3.196489751936466561e-01
6.030021263665049647e-01
-1.426308392287045423e+00
-9.011639236561664879e-01
-1.474920580282015059e-01
1.354827272343011701e+00
6.535764157021471954e-01
-1.968606643100494935e+00
-1.861193912933060135e+00
1.204956622195802352e+00
-4.323511960913908186e-02
1.088986883589234012e+00
1.201728657292341573e+00
-1.961621911504044524e+00
7.475793859325139401e-01
-2.283657668161385643e-02
-9.787863166519172528e-03
2.130077674754490502e+00
9.913795709217144980e-02
-5.035489744589201067e-01
-1.356213902515765568e+00
1.867232663966666539e+00
9.269597276654584217e-01
-1.008997852969971021e+00
2.210859372318547678e-01
2.714611524704864665e-01
-2.192613013434778324e+00
1.920080595118281441e-01
-9.547129607508122451e-01
8.555162231601250999e-01
-8.854542976631930573e-01
-2.973381837916397874e-01
-2.668024324415559256e+00
-1.426938569253295652e+00
-1.550710575499429256e+00
1.389791783754347199e+00
-7.033207962189952367e-01
-9.368554601410475358e-02
-8.717258986107289109e-01
-5.005054304177674052e-01
9.045332113405785135e-02
2.298320371031428611e+00
-8.538643876742841865e-01
1.731683734745953718e+00
1.567282389485608718e+00
2.527180659126930240e-01
7.618102723872619553e-01
1.171325973159286660e+00
-8.524208783273126144e-01
-2.332470286467444032e-01
-6.217250004624480519e-01
-2.376576284778496861e-01
6.223088183679003071e-01
2.172682337680898357e+00
8.106726017375039950e-01
5.921308144717659649e-01
-2.282900671114936664e+00
1.172907359797083604e+00
-8.718974226661672100e-01
3.073566127133708359e-01
1.893609141011829214e-02
8.240783643790320356e-01
-9.093691782877219021e-01
-1.076600223437138709e-01
-3.645051224693167113e-01
-5.997330081834213455e-01
9.182071542923718743e-01
1.269657905423289893e-02
7.321936929476385858e-02
7.093251703986869217e-01
1.057806210216344134e+00
-2.802480950680779515e+00
1.426399261821137965e-01
-4.830186740221695946e-02
2.969189931462007603e+00
-3.812491248955889311e+00
1.945817867674770885e-01
3.133319559222434436e-01
-3.928790663182523540e-02
1.593361155545259811e+00
2.677562165580181786e-01
-8.655875997637020244e-03
-2.043483953387043250e+00
6.159927657055225270e-01
4.936640102110856354e-01
1.347644417494031632e+00
-2.543480822388582419e-01
1.274147928440184652e+00
1.574224635381123116e+00
-1.140610329902310927e+00
7.715294228925846376e-01
-1.662300595688803728e+00
-1.866252388396376638e+00
5.272539752052374240e-01
5.463899565491440180e-01
1.894068588231752337e-01
-5.828551698297094186e-01
-1.183411518813271224e+00
1.123062614911623236e-01
-2.023449501382675736e-02
9.703983371637098232e-01
1.043293068466223827e+00
-1.195561237750294215e+00
-3.068732563153799831e-01
-7.582033009485230624e-01
-4.446800026188393873e-02
-1.777304867942101352e-01
-7.510329877921618769e-01
-9.589879541557696507e-01
-9.411411816855360657e-01
-3.059791023608242067e-01
-2.236867317688131074e+00
-6.863367921569086816e-01
6.614724599594168364e-01
-3.427160092079933884e-02
-1.138459244235244139e+00
-2.169053939576263801e+00
1.505863450895164712e+00
1.890790381815984633e-01
4.794014887506405920e-01
-4.878786550019368340e-01
-1.050503319044496786e-01
-1.003409599101281025e+00
-1.073718178350595798e+00
4.940722674883805260e-02
2.457127665447778053e-01
-2.063849822844646686e-01
-7.246072692094939205e-01
-1.108197780371141139e+00
5.262147345284958616e-02
4.178052143056479317e-01
-4.731698744819842206e-01
-1.282331628767420684e+00
8.283972697284293085e-01
5.531353138481220899e-01
-1.453755461311836639e+00
-8.019997904423120660e-01
1.142713727115789446e+00
-2.157539577600235958e-01
-1.456480658742115741e+00
-1.065922074357493754e-01
-2.023818908095850050e-02
1.193158390024958160e-01
-8.770438972607653705e-01
-1.038633121213424326e+00
-8.562836626555213604e-01
-1.892906166247826372e-01
-2.917056039437221360e-01
1.147668533608161789e+00
-2.168487743289023495e+00
-5.874732153192462336e-01
3.941691634039697356e-01
9.098868366541644492e-02
9.133560685721744399e-01
-1.239880770687493486e-02
-3.573400306256600545e-01
-2.185040589970492775e+00
-1.408397694810873402e-01
-2.700175606169847309e-01
1.038224292097691626e+00
-3.258509366764373860e-01
-1.802690714902232538e-01
-7.018710841139982337e-01
-6.659724455280272570e-01
1.930144749655286762e-01
-5.810895527023326457e-01
-9.385511978949011569e-01
-7.386009625249732036e-01
-8.888480549786741125e-02
-2.284746667338220516e-01
4.601108410649745739e-01
-1.812547689026801967e+00
-7.400426032576112867e-02
7.705095826075548660e-01
-6.417608950173613325e-01
-3.129295439861456973e-01
1.349839087611357957e+00
-2.360713686149419122e+00
8.151601271350110423e-02
-7.268780473038505274e-01
1.511360958623944262e+00
6.077636154066103913e-01
5.875491079384234094e-01
7.267338023747503817e-01
7.111688454098499257e-01
1.191173659639727100e+00
5.348441833354944386e-01
6.389219877804620529e-01
-5.306004631572157626e-01
-1.225707838245062131e+00
-1.192675375157220996e+00
5.878775794506851948e-01
1.762990795092414520e-01
6.081560062688921020e-01
-1.682387064220922435e+00
9.986293600217996946e-01
-6.424399835202189157e-01
-1.633404602969380948e+00
6.264799177896901439e-01
-6.021496537078652178e-01
-1.149996422486214476e+00
9.336877189481469497e-01
1.114770464238436842e+00
2.107481582146732424e-01
8.941143071299390011e-01
1.351983663843452144e+00
-3.464821784725641840e-01
7.902626869125110032e-01
-9.897075173197644737e-01
-1.852394740829855779e+00
-4.945904816759895128e-01
6.232670652201556249e-01
2.125602266948994623e-01
-2.825601355412803994e-01
8.455005346246250442e-01
-1.357527368564994452e+00
-3.915178322101627306e-01
2.385087436610186795e-01
2.125065199686416995e-01
3.347652494339554696e-01
1.470376268140247689e-01
2.177485871255883776e+00
-2.079015582608215063e+00
-2.468183935673331497e-01
2.057968982350645515e+00
-2.430395124659651962e-01
5.985101815905707195e-02
1.358257872425023383e+00
6.769384157121511869e-01
1.643237371223757792e+00
2.743834159680242912e-01
8.834623825101119987e-01
1.212947887806421710e+00
8.571606055112873657e-01
2.121442633220878560e-01
-7.251222413445541637e-01
-1.495089611242403083e-01
-2.806161334073795643e+00
-9.327284690510608822e-01
-2.183568795574369614e-01
-1.422191547582835058e-01
1.371759467120022835e+00
-2.711423412059228988e-01
5.584178526796610559e-02
2.547262528399261594e+00
9.861231941886158259e-01
7.545490980589394936e-02
-3.456507477137893969e-01
-8.659741791011085210e-01
-1.104790172319604746e+00
-1.199266375726352196e-01
1.017467835166448564e+00
-8.606848055417681831e-01
6.607913769294533612e-02
1.868100836693470157e+00
-3.647894481726971505e-01
7.794011030827499020e-01
2.036282678648092315e+00
2.400096850003583526e-01
-1.374071520953103143e+00
8.543507164694179590e-01
-4.411920672784757080e-01
1.362271501287434239e+00
-4.576345555676314403e-01
6.475673948762202814e-01
-1.399809940288856414e-01
1.194923649035456448e+00
-5.599485064804734513e-01
9.826631298844483720e-01
-4.379474835666711252e-01
-4.123425673234571431e-01
1.421184385010815898e+00
-6.198266610801027587e-01
1.397646260889028769e+00
-1.029125681143900684e+00
9.692486815929429733e-01
1.148630199803825302e+00
1.064829565855719640e+00
-8.063658780212114019e-01
1.429936554072925026e-01
-2.151281666169003959e+00
1.916355519238390981e+00
-1.048653498789558158e+00
1.584708105267348843e+00
1.160883381361564659e+00
5.835505196048315080e-01
1.305644822862817245e+00
-8.109099746068265668e-01
1.510699291643880615e+00
1.906609827255823619e+00
3.868258107861244355e-01
-2.487267860093762828e-02
-8.031466566719389633e-01
2.450201571122725408e-01
6.858560627945728405e-02
-1.118203902898584179e+00
7.076858030389010512e-01
-6.759072544432268570e-01
-2.733049920235485764e-01
-1.092670282047827568e+00
1.043888594945788117e+00
-7.824981522085041608e-01
-9.740166310050739629e-01
-1.564217767536473014e+00
9.082011503277973574e-01
-5.352849381114963556e-01
-6.278782034927106181e-01
2.060716938118794528e-01
-7.615997110085913624e-01
1.719015743765684556e+00
8.290443049359991212e-01
-1.505663815881789880e+00
5.684615050611394604e-01
2.201932992138888601e-03
-1.189416797071357390e+00
1.385187661960840089e+00
-2.515785006566031434e-01
9.906723779596153800e-01
1.381035372431135499e+00
8.961967248334083980e-01
3.696260690439603230e-02
2.499173549498457103e-01
-1.729392948029886412e-01
1.809511316252622737e-01
-8.800826881521419676e-01
7.467597595938735289e-01
-1.437144865140399297e+00
-6.890598721761158618e-01
9.236815131410111013e-01
7.076036509037133548e-01
-4.214690774538686346e-01
1.577445403103117649e-01
-2.191966674104934842e-01
-2.251374156498469059e+00
6.490102104640221858e-01
-8.041551216221050069e-01
1.434814689480560457e+00
-5.480776857336000507e-01
-1.145807200671967452e-01
-1.326788140915951431e+00
2.302966167381504115e-01
-2.412103600013322247e-01
-2.490882046733835509e+00
-7.225044136561630248e-01
-2.128638992711542333e+00
1.293657423361562475e-01
-2.733437317823825818e-01
2.780538433498886963e-01
6.874097705684474313e-01
1.023475612696423509e+00
4.218803693652405928e-01
4.017969783037725895e-01
-8.464039959620365261e-01
-9.266568256334201115e-01
1.585646784221280969e-01
6.508874819632854969e-01
-3.576668732361944492e-01
1.017706104693455682e+00
1.261205077982931133e+00
6.564201297867298945e-02
4.337983603408507860e-01
7.443149158954245337e-01
9.048649211495858324e-01
8.700105082717297933e-02
-2.684101248517467564e-01
-1.801127927244375593e-01
-9.080995745146103193e-01
-1.843496369620682085e+00
-3.280483685591623066e-01
-4.948075516485476721e-01
4.602717279401363215e-01
-2.085095883694632057e+00
-5.031121285972766505e-02
-5.849503699915736821e-01
2.348502928542449908e+00
-3.836613944683671118e-01
1.843644923684151227e+00
-1.104742531967784824e+00
3.437328052813015677e-01
-6.476594676674096718e-01
-7.042775278549452678e-02
-1.110683125564032592e+00
-9.458710144869361125e-01
5.554240331303048617e-01
9.858063395629610426e-01
7.685022889312828065e-01
-8.522422507703006356e-02
6.975459242502644042e-01
5.093930687567642668e-01
-1.117677925513326675e+00
1.208456791962382537e+00
-6.744185529429330694e-01
-3.413818647472363077e-01
-1.777582748709174154e-01
-3.531814228390937616e-01
8.967583827056460621e-02
-6.309034660213329593e-01
-1.247340978665312905e+00
6.280576784195903706e-01
-1.108359106884831746e+00
9.241493200828954091e-01
9.386372111686158703e-01
1.340418696474714011e+00
4.868916514643182314e-01
-1.850221019006981438e+00
4.262031871843541819e-01
4.405823775934827879e-01
-5.356867082753108411e-01
1.188963902562408581e+00
6.820036106718088131e-01
-7.027768974386654488e-01
1.897470572327127902e+00
-1.055340838136886950e+00
1.777196314086949558e+00
-1.342791948840327265e+00
1.187801972971205267e-01
-8.452894052444517303e-01
3.144756091079415894e-01
-1.346128448371373576e+00
-5.430695985349253130e-01
-7.961970745296789165e-01
-7.305835915809699710e-01
1.107563529125775048e+00
-2.295274904659039272e+00
-1.428873411621610190e+00
-1.716178150894387855e+00
1.344324792924054490e+00
-7.821688303121219210e-01
-1.454905461005640888e+00
-1.124357919132695338e+00
6.208098203738360299e-01
-5.302352623575221774e-02
-1.925999889481337379e-01
5.064921801521703459e-01
-1.450194513698355392e+00
3.714442326156366936e-01
-1.037706322969825928e-01
5.261030900417640321e-01
2.975009016136516138e-01
5.120132139827463652e-02
-1.046504285317230609e+00
-7.181242559844509543e-01
-5.079531522514223706e-03
-7.073485782771019026e-02
-1.242836586722411596e+00
2.863413496570049732e-01
3.538865597379700079e-01
-2.380827430084256235e+00
-9.665115180913507187e-01
2.575315921437933663e-03
3.217080530226851254e-02
-1.641505839792728016e+00
-1.979992267423138219e-01
-1.665528808265778649e+00
-1.009591196915974987e+00
9.262871915163801706e-01
-3.382557352117546157e-01
-2.270081830894935759e+00
5.164685668253101714e-01
5.980981763108917937e-01
-7.019237169280300170e-01
4.882590245696086795e-01
-3.892512806581077678e-01
2.544340389457618201e+00
-1.325725369480392546e+00
-3.944987289270971975e-01
5.571199755020952438e-01
1.350289766359248633e-01
-1.255654747287178852e+00
2.109135823529420417e+00
5.685422487231435451e-02
1.017720827183538512e+00
-2.007007107291301218e-01
3.077634845771586372e-02
-3.515315641577729799e-01
-5.825178518711366937e-01
-5.995519710287608994e-01
3.160192906593884410e-01
-6.835943749950091908e-01
-1.309611791206355402e+00
-7.501347293227645929e-01
9.002618037216215674e-01
-2.844784359919746652e+00
-1.083977760395598011e+00
-5.355607347835144028e-01
7.261927272478087003e-01
-4.992236725182694901e-01
-1.286016983642325640e+00
-6.093335613155324015e-01
4.968823706946770002e-01
1.009894866659628576e+00
-1.177037764781680096e+00
-3.023278017445537591e-01
8.382602312952696089e-01
8.165120137508503906e-02
-1.182829399180732377e+00
-5.677377935596621822e-02
-4.312670410446705627e-01
3.892361241382077952e-01
1.392990311192533193e-01
8.442083631330087323e-01
-1.461334387370773147e+00
1.581736384220663094e+00
4.920208308263749886e-01
-5.543065422394874986e-01
-1.157498288398145503e-01
-1.088281729007645193e+00
6.293364579605196241e-01
-7.889238547363173204e-01
-1.087226180947145959e+00
-6.710524137296555169e-01
-6.236267269128020763e-02
6.857690244823740899e-01
1.179570492085373123e+00
-9.504586014465667976e-01
6.542411172995219459e-01
-1.669066585157172600e-01
-1.755069637634834312e-01
1.707640094527555163e+00
4.820832062318725075e-01
4.046616785525223303e-01
-2.697271610765996641e-01
9.836862572986388997e-01
1.843565538004341198e+00
-3.481723201405899637e-01
6.643848763171976701e-01
-2.891248471553103272e+00
-1.844598383798390084e-01
-3.510817919022112821e-01
4.034842246043247177e-02
4.078302092958743241e-01
-1.255113400295187476e-01
3.120777015869536930e-01
-1.883409050261803719e+00
-5.141440067355818044e-01
-1.034787007050000929e+00
-1.680684341679134608e+00
1.609018068079165031e+00
-1.298967263370829628e-01
-7.792290651183646499e-01
2.456448954202047119e+00
-4.073727164633490494e-01
2.811912552404610910e+00
-1.724453991148417256e-02
1.094499274208380335e+00
3.363236881104093579e-01
-1.005362724988631440e+00
-8.511027008442560993e-01
3.808997443282555184e-01
1.370174943751127250e+00
-8.297209150376914089e-01
4.187880676037273875e-01
-2.550445246958211065e+00
-7.517611524700400505e-01
-7.117826143595474830e-01
1.021207053378461876e-01
7.747932753191510979e-01
-1.468353473969952194e-01
5.518243946972882508e-02
-8.118886878767884729e-01
-1.496002552348095538e+00
6.293720772935337826e-02
5.921427948773571037e-01
-1.453511518306917827e+00
1.506777860556987259e+00
4.140008466460217695e-01
-1.221975156206883018e+00
3.946490123154111074e-01
3.205273696255069305e-01
1.632164992177342344e-01
-1.176662597472386995e+00
-5.378841921261001691e-01
1.941737392146875851e-01
-4.942010568367389833e-01
1.249361892810177288e+00
-9.337333876625675266e-01
3.666471354883043404e-02
8.569544227796780378e-01
2.937237139800818464e-01
1.476985745710270026e-01
4.457910589252135902e-01
1.495113634901856114e+00
-6.542077519358673321e-01
1.265091772275171333e+00
1.285259859240593050e+00
-9.977631413208408739e-01
-6.371008285906588631e-01
2.726688797527561103e-01
-1.861756968670394974e+00
2.642939619676470953e-02
-3.510856620155921592e-01
-1.108097986699003057e+00
6.867455753454664025e-02
9.618097677622386987e-01
-3.127091591127925674e-01
-1.195594497265456552e-01
9.857932816338381699e-01
-7.004393513829479390e-02
1.127853677550129774e+00
9.115443874490726239e-01
8.161925976263799676e-01
2.739448336966824327e-01
2.258380908839376922e+00
-4.378184839241714421e-01
6.236485227644702478e-01
-2.140686953894479938e+00
1.167904809918957509e+00
-6.162488052525752491e-02
-1.186563766859678681e+00
-7.155521346712490072e-01
-2.854900972434056272e-01
-4.617535123340332226e-01
3.227400328732145107e-01
5.286419294169287797e-01
-1.239068730446725608e+00
-3.240945558675019378e-02
-8.047710605496295466e-01
-5.158432553641456586e-01
-2.652877550880330393e-01
5.173798008224336220e-01
-3.638793447073615517e-01
1.652003695224805391e+00
-1.416022192439559957e+00
-7.136826882064438715e-01
-8.359971072247506241e-01
-2.746564130908706325e-01
2.025769566369452601e+00
7.047630557627068137e-01
-1.014491609668167982e+00
-1.994399784198780112e-01
3.983507519898488725e-01
-1.241683672807454286e-01
-1.096565995161693507e+00
5.150450623878344292e-01
-2.473620764217784984e+00
